1-1.png 0 0 -288 90 198
1-1_90.png 0 0 -288 90 198
1-1_180.png 0 0 -288 90 198
1-1_270.png 0 0 -288 90 198
1-1_fl.png 0 0 -288 90 198
1-3.png 0 0 -294 97 197
1-3_90.png 0 0 -294 97 197
1-3_180.png 0 0 -294 97 197
1-3_270.png 0 0 -294 97 197
1-3_fl.png 0 0 -294 97 197
1-5.png 0 0 -293 88 205
1-5_90.png 0 0 -293 88 205
1-5_180.png 0 0 -293 88 205
1-5_270.png 0 0 -293 88 205
1-5_fl.png 0 0 -293 88 205
1-6.png 0 0 -295 91 204
1-6_90.png 0 0 -295 91 204
1-6_180.png 0 0 -295 91 204
1-6_270.png 0 0 -295 91 204
1-6_fl.png 0 0 -295 91 204
1-9.png 0 0 -293 105 188
1-9_90.png 0 0 -293 105 188
1-9_180.png 0 0 -293 105 188
1-9_270.png 0 0 -293 105 188
1-9_fl.png 0 0 -293 105 188
1-10.png 0 0 -293 89 204
1-10_90.png 0 0 -293 89 204
1-10_180.png 0 0 -293 89 204
1-10_270.png 0 0 -293 89 204
1-10_fl.png 0 0 -293 89 204
1-11.png 0 0 -293 105 188
1-11_90.png 0 0 -293 105 188
1-11_180.png 0 0 -293 105 188
1-11_270.png 0 0 -293 105 188
1-11_fl.png 0 0 -293 105 188
1-12.png 0 0 -294 104 190
1-12_90.png 0 0 -294 104 190
1-12_180.png 0 0 -294 104 190
1-12_270.png 0 0 -294 104 190
1-12_fl.png 0 0 -294 104 190
1-13.png 0 0 -286 98 188
1-13_90.png 0 0 -286 98 188
1-13_180.png 0 0 -286 98 188
1-13_270.png 0 0 -286 98 188
1-13_fl.png 0 0 -286 98 188
1-15.png 0 0 -299 95 204
1-15_90.png 0 0 -299 95 204
1-15_180.png 0 0 -299 95 204
1-15_270.png 0 0 -299 95 204
1-15_fl.png 0 0 -299 95 204
3-2.png 10 0 -138 137 1
3-2_90.png 10 0 -138 137 1
3-2_180.png 10 0 -138 137 1
3-2_270.png 10 0 -138 137 1
3-2_fl.png 10 0 -138 137 1
3-4.png 10 0 -123 139 -16
3-4_90.png 10 0 -123 139 -16
3-4_180.png 10 0 -123 139 -16
3-4_270.png 10 0 -123 139 -16
3-4_fl.png 10 0 -123 139 -16
3-5.png 10 0 -132 131 1
3-5_90.png 10 0 -132 131 1
3-5_180.png 10 0 -132 131 1
3-5_270.png 10 0 -132 131 1
3-5_fl.png 10 0 -132 131 1
3-6.png 10 0 -131 131 0
3-6_90.png 10 0 -131 131 0
3-6_180.png 10 0 -131 131 0
3-6_270.png 10 0 -131 131 0
3-6_fl.png 10 0 -131 131 0
3-9.png 10 0 -136 136 0
3-9_90.png 10 0 -136 136 0
3-9_180.png 10 0 -136 136 0
3-9_270.png 10 0 -136 136 0
3-9_fl.png 10 0 -136 136 0
3-10.png 10 0 -127 131 -4
3-10_90.png 10 0 -127 131 -4
3-10_180.png 10 0 -127 131 -4
3-10_270.png 10 0 -127 131 -4
3-10_fl.png 10 0 -127 131 -4
3-11.png 10 0 -134 132 2
3-11_90.png 10 0 -134 132 2
3-11_180.png 10 0 -134 132 2
3-11_270.png 10 0 -134 132 2
3-11_fl.png 10 0 -134 132 2
3-12.png 10 0 -122 121 1
3-12_90.png 10 0 -122 121 1
3-12_180.png 10 0 -122 121 1
3-12_270.png 10 0 -122 121 1
3-12_fl.png 10 0 -122 121 1
3-13.png 10 0 -129 133 -4
3-13_90.png 10 0 -129 133 -4
3-13_180.png 10 0 -129 133 -4
3-13_270.png 10 0 -129 133 -4
3-13_fl.png 10 0 -129 133 -4
3-14.png 10 0 -129 133 -4
3-14_90.png 10 0 -129 133 -4
3-14_180.png 10 0 -129 133 -4
3-14_270.png 10 0 -129 133 -4
3-14_fl.png 10 0 -129 133 -4
5-1.png 20 0 7 182 -189
5-1_90.png 20 0 7 182 -189
5-1_180.png 20 0 7 182 -189
5-1_270.png 20 0 7 182 -189
5-1_fl.png 20 0 7 182 -189
5-2.png 20 0 8 190 -198
5-2_90.png 20 0 8 190 -198
5-2_180.png 20 0 8 190 -198
5-2_270.png 20 0 8 190 -198
5-2_fl.png 20 0 8 190 -198
5-3.png 20 0 10 187 -197
5-3_90.png 20 0 10 187 -197
5-3_180.png 20 0 10 187 -197
5-3_270.png 20 0 10 187 -197
5-3_fl.png 20 0 10 187 -197
5-4.png 20 0 -3 193 -190
5-4_90.png 20 0 -3 193 -190
5-4_180.png 20 0 -3 193 -190
5-4_270.png 20 0 -3 193 -190
5-4_fl.png 20 0 -3 193 -190
5-5.png 20 0 14 188 -202
5-5_90.png 20 0 14 188 -202
5-5_180.png 20 0 14 188 -202
5-5_270.png 20 0 14 188 -202
5-5_fl.png 20 0 14 188 -202
5-6.png 20 0 6 192 -198
5-6_90.png 20 0 6 192 -198
5-6_180.png 20 0 6 192 -198
5-6_270.png 20 0 6 192 -198
5-6_fl.png 20 0 6 192 -198
5-9.png 20 0 -1 191 -190
5-9_90.png 20 0 -1 191 -190
5-9_180.png 20 0 -1 191 -190
5-9_270.png 20 0 -1 191 -190
5-9_fl.png 20 0 -1 191 -190
5-12.png 20 0 0 178 -178
5-12_90.png 20 0 0 178 -178
5-12_180.png 20 0 0 178 -178
5-12_270.png 20 0 0 178 -178
5-12_fl.png 20 0 0 178 -178
5-14.png 20 0 11 191 -202
5-14_90.png 20 0 11 191 -202
5-14_180.png 20 0 11 191 -202
5-14_270.png 20 0 11 191 -202
5-14_fl.png 20 0 11 191 -202
5-15.png 20 0 -4 193 -189
5-15_90.png 20 0 -4 193 -189
5-15_180.png 20 0 -4 193 -189
5-15_270.png 20 0 -4 193 -189
5-15_fl.png 20 0 -4 193 -189
6-1.png 0 5 -206 56 150
6-1_90.png 0 5 -206 56 150
6-1_180.png 0 5 -206 56 150
6-1_270.png 0 5 -206 56 150
6-1_fl.png 0 5 -206 56 150
6-3.png 0 5 -210 47 163
6-3_90.png 0 5 -210 47 163
6-3_180.png 0 5 -210 47 163
6-3_270.png 0 5 -210 47 163
6-3_fl.png 0 5 -210 47 163
6-4.png 0 5 -207 55 152
6-4_90.png 0 5 -207 55 152
6-4_180.png 0 5 -207 55 152
6-4_270.png 0 5 -207 55 152
6-4_fl.png 0 5 -207 55 152
6-5.png 0 5 -205 41 164
6-5_90.png 0 5 -205 41 164
6-5_180.png 0 5 -205 41 164
6-5_270.png 0 5 -205 41 164
6-5_fl.png 0 5 -205 41 164
6-6.png 0 5 -210 53 157
6-6_90.png 0 5 -210 53 157
6-6_180.png 0 5 -210 53 157
6-6_270.png 0 5 -210 53 157
6-6_fl.png 0 5 -210 53 157
6-7.png 0 5 -210 46 164
6-7_90.png 0 5 -210 46 164
6-7_180.png 0 5 -210 46 164
6-7_270.png 0 5 -210 46 164
6-7_fl.png 0 5 -210 46 164
6-8.png 0 5 -213 55 158
6-8_90.png 0 5 -213 55 158
6-8_180.png 0 5 -213 55 158
6-8_270.png 0 5 -213 55 158
6-8_fl.png 0 5 -213 55 158
6-10.png 0 5 -214 50 164
6-10_90.png 0 5 -214 50 164
6-10_180.png 0 5 -214 50 164
6-10_270.png 0 5 -214 50 164
6-10_fl.png 0 5 -214 50 164
6-11.png 0 5 -214 50 164
6-11_90.png 0 5 -214 50 164
6-11_180.png 0 5 -214 50 164
6-11_270.png 0 5 -214 50 164
6-11_fl.png 0 5 -214 50 164
6-13.png 0 5 -202 62 140
6-13_90.png 0 5 -202 62 140
6-13_180.png 0 5 -202 62 140
6-13_270.png 0 5 -202 62 140
6-13_fl.png 0 5 -202 62 140
7-1.png 5 5 -147 73 74
7-1_90.png 5 5 -147 73 74
7-1_180.png 5 5 -147 73 74
7-1_270.png 5 5 -147 73 74
7-1_fl.png 5 5 -147 73 74
7-5.png 5 5 -127 49 78
7-5_90.png 5 5 -127 49 78
7-5_180.png 5 5 -127 49 78
7-5_270.png 5 5 -127 49 78
7-5_fl.png 5 5 -127 49 78
7-6.png 5 5 -148 58 90
7-6_90.png 5 5 -148 58 90
7-6_180.png 5 5 -148 58 90
7-6_270.png 5 5 -148 58 90
7-6_fl.png 5 5 -148 58 90
7-7.png 5 5 -147 71 76
7-7_90.png 5 5 -147 71 76
7-7_180.png 5 5 -147 71 76
7-7_270.png 5 5 -147 71 76
7-7_fl.png 5 5 -147 71 76
7-8.png 5 5 -142 48 94
7-8_90.png 5 5 -142 48 94
7-8_180.png 5 5 -142 48 94
7-8_270.png 5 5 -142 48 94
7-8_fl.png 5 5 -142 48 94
7-9.png 5 5 -148 72 76
7-9_90.png 5 5 -148 72 76
7-9_180.png 5 5 -148 72 76
7-9_270.png 5 5 -148 72 76
7-9_fl.png 5 5 -148 72 76
7-10.png 5 5 -145 59 86
7-10_90.png 5 5 -145 59 86
7-10_180.png 5 5 -145 59 86
7-10_270.png 5 5 -145 59 86
7-10_fl.png 5 5 -145 59 86
7-11.png 5 5 -145 61 84
7-11_90.png 5 5 -145 61 84
7-11_180.png 5 5 -145 61 84
7-11_270.png 5 5 -145 61 84
7-11_fl.png 5 5 -145 61 84
7-12.png 5 5 -145 60 85
7-12_90.png 5 5 -145 60 85
7-12_180.png 5 5 -145 60 85
7-12_270.png 5 5 -145 60 85
7-12_fl.png 5 5 -145 60 85
7-13.png 5 5 -145 58 87
7-13_90.png 5 5 -145 58 87
7-13_180.png 5 5 -145 58 87
7-13_270.png 5 5 -145 58 87
7-13_fl.png 5 5 -145 58 87
8-2.png 10 5 -67 65 2
8-2_90.png 10 5 -67 65 2
8-2_180.png 10 5 -67 65 2
8-2_270.png 10 5 -67 65 2
8-2_fl.png 10 5 -67 65 2
8-3.png 10 5 -60 55 5
8-3_90.png 10 5 -60 55 5
8-3_180.png 10 5 -60 55 5
8-3_270.png 10 5 -60 55 5
8-3_fl.png 10 5 -60 55 5
8-4.png 10 5 -70 70 0
8-4_90.png 10 5 -70 70 0
8-4_180.png 10 5 -70 70 0
8-4_270.png 10 5 -70 70 0
8-4_fl.png 10 5 -70 70 0
8-5.png 10 5 -70 66 4
8-5_90.png 10 5 -70 66 4
8-5_180.png 10 5 -70 66 4
8-5_270.png 10 5 -70 66 4
8-5_fl.png 10 5 -70 66 4
8-9.png 10 5 -61 57 4
8-9_90.png 10 5 -61 57 4
8-9_180.png 10 5 -61 57 4
8-9_270.png 10 5 -61 57 4
8-9_fl.png 10 5 -61 57 4
8-10.png 10 5 -80 76 4
8-10_90.png 10 5 -80 76 4
8-10_180.png 10 5 -80 76 4
8-10_270.png 10 5 -80 76 4
8-10_fl.png 10 5 -80 76 4
8-11.png 10 5 -76 72 4
8-11_90.png 10 5 -76 72 4
8-11_180.png 10 5 -76 72 4
8-11_270.png 10 5 -76 72 4
8-11_fl.png 10 5 -76 72 4
8-13.png 10 5 -69 70 -1
8-13_90.png 10 5 -69 70 -1
8-13_180.png 10 5 -69 70 -1
8-13_270.png 10 5 -69 70 -1
8-13_fl.png 10 5 -69 70 -1
8-14.png 10 5 -69 65 4
8-14_90.png 10 5 -69 65 4
8-14_180.png 10 5 -69 65 4
8-14_270.png 10 5 -69 65 4
8-14_fl.png 10 5 -69 65 4
8-15.png 10 5 -59 68 -9
8-15_90.png 10 5 -59 68 -9
8-15_180.png 10 5 -59 68 -9
8-15_270.png 10 5 -59 68 -9
8-15_fl.png 10 5 -59 68 -9
9-2.png 15 5 4 76 -80
9-2_90.png 15 5 4 76 -80
9-2_180.png 15 5 4 76 -80
9-2_270.png 15 5 4 76 -80
9-2_fl.png 15 5 4 76 -80
9-3.png 15 5 1 82 -83
9-3_90.png 15 5 1 82 -83
9-3_180.png 15 5 1 82 -83
9-3_270.png 15 5 1 82 -83
9-3_fl.png 15 5 1 82 -83
9-4.png 15 5 20 79 -99
9-4_90.png 15 5 20 79 -99
9-4_180.png 15 5 20 79 -99
9-4_270.png 15 5 20 79 -99
9-4_fl.png 15 5 20 79 -99
9-5.png 15 5 0 81 -81
9-5_90.png 15 5 0 81 -81
9-5_180.png 15 5 0 81 -81
9-5_270.png 15 5 0 81 -81
9-5_fl.png 15 5 0 81 -81
9-6.png 15 5 7 78 -85
9-6_90.png 15 5 7 78 -85
9-6_180.png 15 5 7 78 -85
9-6_270.png 15 5 7 78 -85
9-6_fl.png 15 5 7 78 -85
9-8.png 15 5 6 75 -81
9-8_90.png 15 5 6 75 -81
9-8_180.png 15 5 6 75 -81
9-8_270.png 15 5 6 75 -81
9-8_fl.png 15 5 6 75 -81
9-9.png 15 5 12 63 -75
9-9_90.png 15 5 12 63 -75
9-9_180.png 15 5 12 63 -75
9-9_270.png 15 5 12 63 -75
9-9_fl.png 15 5 12 63 -75
9-11.png 15 5 -2 82 -80
9-11_90.png 15 5 -2 82 -80
9-11_180.png 15 5 -2 82 -80
9-11_270.png 15 5 -2 82 -80
9-11_fl.png 15 5 -2 82 -80
9-12.png 15 5 -4 81 -77
9-12_90.png 15 5 -4 81 -77
9-12_180.png 15 5 -4 81 -77
9-12_270.png 15 5 -4 81 -77
9-12_fl.png 15 5 -4 81 -77
9-14.png 15 5 1 81 -82
9-14_90.png 15 5 1 81 -82
9-14_180.png 15 5 1 81 -82
9-14_270.png 15 5 1 81 -82
9-14_fl.png 15 5 1 81 -82
11-2.png 0 10 -134 9 125
11-2_90.png 0 10 -134 9 125
11-2_180.png 0 10 -134 9 125
11-2_270.png 0 10 -134 9 125
11-2_fl.png 0 10 -134 9 125
11-5.png 0 10 -124 -1 125
11-5_90.png 0 10 -124 -1 125
11-5_180.png 0 10 -124 -1 125
11-5_270.png 0 10 -124 -1 125
11-5_fl.png 0 10 -124 -1 125
11-6.png 0 10 -131 1 130
11-6_90.png 0 10 -131 1 130
11-6_180.png 0 10 -131 1 130
11-6_270.png 0 10 -131 1 130
11-6_fl.png 0 10 -131 1 130
11-7.png 0 10 -132 -1 133
11-7_90.png 0 10 -132 -1 133
11-7_180.png 0 10 -132 -1 133
11-7_270.png 0 10 -132 -1 133
11-7_fl.png 0 10 -132 -1 133
11-8.png 0 10 -133 7 126
11-8_90.png 0 10 -133 7 126
11-8_180.png 0 10 -133 7 126
11-8_270.png 0 10 -133 7 126
11-8_fl.png 0 10 -133 7 126
11-9.png 0 10 -131 -1 132
11-9_90.png 0 10 -131 -1 132
11-9_180.png 0 10 -131 -1 132
11-9_270.png 0 10 -131 -1 132
11-9_fl.png 0 10 -131 -1 132
11-10.png 0 10 -133 9 124
11-10_90.png 0 10 -133 9 124
11-10_180.png 0 10 -133 9 124
11-10_270.png 0 10 -133 9 124
11-10_fl.png 0 10 -133 9 124
11-11.png 0 10 -136 11 125
11-11_90.png 0 10 -136 11 125
11-11_180.png 0 10 -136 11 125
11-11_270.png 0 10 -136 11 125
11-11_fl.png 0 10 -136 11 125
11-12.png 0 10 -131 6 125
11-12_90.png 0 10 -131 6 125
11-12_180.png 0 10 -131 6 125
11-12_270.png 0 10 -131 6 125
11-12_fl.png 0 10 -131 6 125
11-13.png 0 10 -117 12 105
11-13_90.png 0 10 -117 12 105
11-13_180.png 0 10 -117 12 105
11-13_270.png 0 10 -117 12 105
11-13_fl.png 0 10 -117 12 105
12-1.png 5 10 -76 17 59
12-1_90.png 5 10 -76 17 59
12-1_180.png 5 10 -76 17 59
12-1_270.png 5 10 -76 17 59
12-1_fl.png 5 10 -76 17 59
12-2.png 5 10 -73 12 61
12-2_90.png 5 10 -73 12 61
12-2_180.png 5 10 -73 12 61
12-2_270.png 5 10 -73 12 61
12-2_fl.png 5 10 -73 12 61
12-3.png 5 10 -68 -1 69
12-3_90.png 5 10 -68 -1 69
12-3_180.png 5 10 -68 -1 69
12-3_270.png 5 10 -68 -1 69
12-3_fl.png 5 10 -68 -1 69
12-4.png 5 10 -67 -2 69
12-4_90.png 5 10 -67 -2 69
12-4_180.png 5 10 -67 -2 69
12-4_270.png 5 10 -67 -2 69
12-4_fl.png 5 10 -67 -2 69
12-5.png 5 10 -73 4 69
12-5_90.png 5 10 -73 4 69
12-5_180.png 5 10 -73 4 69
12-5_270.png 5 10 -73 4 69
12-5_fl.png 5 10 -73 4 69
12-6.png 5 10 -67 -1 68
12-6_90.png 5 10 -67 -1 68
12-6_180.png 5 10 -67 -1 68
12-6_270.png 5 10 -67 -1 68
12-6_fl.png 5 10 -67 -1 68
12-9.png 5 10 -66 4 62
12-9_90.png 5 10 -66 4 62
12-9_180.png 5 10 -66 4 62
12-9_270.png 5 10 -66 4 62
12-9_fl.png 5 10 -66 4 62
12-11.png 5 10 -76 15 61
12-11_90.png 5 10 -76 15 61
12-11_180.png 5 10 -76 15 61
12-11_270.png 5 10 -76 15 61
12-11_fl.png 5 10 -76 15 61
12-12.png 5 10 -69 0 69
12-12_90.png 5 10 -69 0 69
12-12_180.png 5 10 -69 0 69
12-12_270.png 5 10 -69 0 69
12-12_fl.png 5 10 -69 0 69
12-13.png 5 10 -73 12 61
12-13_90.png 5 10 -73 12 61
12-13_180.png 5 10 -73 12 61
12-13_270.png 5 10 -73 12 61
12-13_fl.png 5 10 -73 12 61
13-3.png 10 10 -1 -1 2
13-3_90.png 10 10 -1 -1 2
13-3_180.png 10 10 -1 -1 2
13-3_270.png 10 10 -1 -1 2
13-3_fl.png 10 10 -1 -1 2
13-5.png 10 10 8 -2 -6
13-5_90.png 10 10 8 -2 -6
13-5_180.png 10 10 8 -2 -6
13-5_270.png 10 10 8 -2 -6
13-5_fl.png 10 10 8 -2 -6
13-7.png 10 10 -4 3 1
13-7_90.png 10 10 -4 3 1
13-7_180.png 10 10 -4 3 1
13-7_270.png 10 10 -4 3 1
13-7_fl.png 10 10 -4 3 1
13-8.png 10 10 -2 0 2
13-8_90.png 10 10 -2 0 2
13-8_180.png 10 10 -2 0 2
13-8_270.png 10 10 -2 0 2
13-8_fl.png 10 10 -2 0 2
13-9.png 10 10 0 -2 2
13-9_90.png 10 10 0 -2 2
13-9_180.png 10 10 0 -2 2
13-9_270.png 10 10 0 -2 2
13-9_fl.png 10 10 0 -2 2
13-11.png 10 10 0 -7 7
13-11_90.png 10 10 0 -7 7
13-11_180.png 10 10 0 -7 7
13-11_270.png 10 10 0 -7 7
13-11_fl.png 10 10 0 -7 7
13-12.png 10 10 2 0 -2
13-12_90.png 10 10 2 0 -2
13-12_180.png 10 10 2 0 -2
13-12_270.png 10 10 2 0 -2
13-12_fl.png 10 10 2 0 -2
13-13.png 10 10 -2 -5 7
13-13_90.png 10 10 -2 -5 7
13-13_180.png 10 10 -2 -5 7
13-13_270.png 10 10 -2 -5 7
13-13_fl.png 10 10 -2 -5 7
13-14.png 10 10 -1 0 1
13-14_90.png 10 10 -1 0 1
13-14_180.png 10 10 -1 0 1
13-14_270.png 10 10 -1 0 1
13-14_fl.png 10 10 -1 0 1
13-15.png 10 10 -1 0 1
13-15_90.png 10 10 -1 0 1
13-15_180.png 10 10 -1 0 1
13-15_270.png 10 10 -1 0 1
13-15_fl.png 10 10 -1 0 1
14-2.png 15 10 68 -6 -62
14-2_90.png 15 10 68 -6 -62
14-2_180.png 15 10 68 -6 -62
14-2_270.png 15 10 68 -6 -62
14-2_fl.png 15 10 68 -6 -62
14-4.png 15 10 68 -4 -64
14-4_90.png 15 10 68 -4 -64
14-4_180.png 15 10 68 -4 -64
14-4_270.png 15 10 68 -4 -64
14-4_fl.png 15 10 68 -4 -64
14-5.png 15 10 68 0 -68
14-5_90.png 15 10 68 0 -68
14-5_180.png 15 10 68 0 -68
14-5_270.png 15 10 68 0 -68
14-5_fl.png 15 10 68 0 -68
14-6.png 15 10 78 -2 -76
14-6_90.png 15 10 78 -2 -76
14-6_180.png 15 10 78 -2 -76
14-6_270.png 15 10 78 -2 -76
14-6_fl.png 15 10 78 -2 -76
14-7.png 15 10 68 1 -69
14-7_90.png 15 10 68 1 -69
14-7_180.png 15 10 68 1 -69
14-7_270.png 15 10 68 1 -69
14-7_fl.png 15 10 68 1 -69
14-8.png 15 10 68 0 -68
14-8_90.png 15 10 68 0 -68
14-8_180.png 15 10 68 0 -68
14-8_270.png 15 10 68 0 -68
14-8_fl.png 15 10 68 0 -68
14-10.png 15 10 67 -5 -62
14-10_90.png 15 10 67 -5 -62
14-10_180.png 15 10 67 -5 -62
14-10_270.png 15 10 67 -5 -62
14-10_fl.png 15 10 67 -5 -62
14-12.png 15 10 77 0 -77
14-12_90.png 15 10 77 0 -77
14-12_180.png 15 10 77 0 -77
14-12_270.png 15 10 77 0 -77
14-12_fl.png 15 10 77 0 -77
14-13.png 15 10 74 0 -74
14-13_90.png 15 10 74 0 -74
14-13_180.png 15 10 74 0 -74
14-13_270.png 15 10 74 0 -74
14-13_fl.png 15 10 74 0 -74
14-14.png 15 10 78 0 -78
14-14_90.png 15 10 78 0 -78
14-14_180.png 15 10 78 0 -78
14-14_270.png 15 10 78 0 -78
14-14_fl.png 15 10 78 0 -78
16-2.png 0 15 -61 -41 102
16-2_90.png 0 15 -61 -41 102
16-2_180.png 0 15 -61 -41 102
16-2_270.png 0 15 -61 -41 102
16-2_fl.png 0 15 -61 -41 102
16-3.png 0 15 -62 -32 94
16-3_90.png 0 15 -62 -32 94
16-3_180.png 0 15 -62 -32 94
16-3_270.png 0 15 -62 -32 94
16-3_fl.png 0 15 -62 -32 94
16-5.png 0 15 -56 -38 94
16-5_90.png 0 15 -56 -38 94
16-5_180.png 0 15 -56 -38 94
16-5_270.png 0 15 -56 -38 94
16-5_fl.png 0 15 -56 -38 94
16-6.png 0 15 -58 -40 98
16-6_90.png 0 15 -58 -40 98
16-6_180.png 0 15 -58 -40 98
16-6_270.png 0 15 -58 -40 98
16-6_fl.png 0 15 -58 -40 98
16-8.png 0 15 -54 -48 102
16-8_90.png 0 15 -54 -48 102
16-8_180.png 0 15 -54 -48 102
16-8_270.png 0 15 -54 -48 102
16-8_fl.png 0 15 -54 -48 102
16-9.png 0 15 -54 -39 93
16-9_90.png 0 15 -54 -39 93
16-9_180.png 0 15 -54 -39 93
16-9_270.png 0 15 -54 -39 93
16-9_fl.png 0 15 -54 -39 93
16-10.png 0 15 -46 -52 98
16-10_90.png 0 15 -46 -52 98
16-10_180.png 0 15 -46 -52 98
16-10_270.png 0 15 -46 -52 98
16-10_fl.png 0 15 -46 -52 98
16-11.png 0 15 -63 -39 102
16-11_90.png 0 15 -63 -39 102
16-11_180.png 0 15 -63 -39 102
16-11_270.png 0 15 -63 -39 102
16-11_fl.png 0 15 -63 -39 102
16-12.png 0 15 -45 -60 105
16-12_90.png 0 15 -45 -60 105
16-12_180.png 0 15 -45 -60 105
16-12_270.png 0 15 -45 -60 105
16-12_fl.png 0 15 -45 -60 105
16-14.png 0 15 -29 -62 91
16-14_90.png 0 15 -29 -62 91
16-14_180.png 0 15 -29 -62 91
16-14_270.png 0 15 -29 -62 91
16-14_fl.png 0 15 -29 -62 91
18-1.png 10 15 79 -69 -10
18-1_90.png 10 15 79 -69 -10
18-1_180.png 10 15 79 -69 -10
18-1_270.png 10 15 79 -69 -10
18-1_fl.png 10 15 79 -69 -10
18-3.png 10 15 74 -62 -12
18-3_90.png 10 15 74 -62 -12
18-3_180.png 10 15 74 -62 -12
18-3_270.png 10 15 74 -62 -12
18-3_fl.png 10 15 74 -62 -12
18-4.png 10 15 74 -62 -12
18-4_90.png 10 15 74 -62 -12
18-4_180.png 10 15 74 -62 -12
18-4_270.png 10 15 74 -62 -12
18-4_fl.png 10 15 74 -62 -12
18-7.png 10 15 84 -70 -14
18-7_90.png 10 15 84 -70 -14
18-7_180.png 10 15 84 -70 -14
18-7_270.png 10 15 84 -70 -14
18-7_fl.png 10 15 84 -70 -14
18-8.png 10 15 74 -60 -14
18-8_90.png 10 15 74 -60 -14
18-8_180.png 10 15 74 -60 -14
18-8_270.png 10 15 74 -60 -14
18-8_fl.png 10 15 74 -60 -14
18-9.png 10 15 66 -59 -7
18-9_90.png 10 15 66 -59 -7
18-9_180.png 10 15 66 -59 -7
18-9_270.png 10 15 66 -59 -7
18-9_fl.png 10 15 66 -59 -7
18-10.png 10 15 70 -70 0
18-10_90.png 10 15 70 -70 0
18-10_180.png 10 15 70 -70 0
18-10_270.png 10 15 70 -70 0
18-10_fl.png 10 15 70 -70 0
18-13.png 10 15 78 -61 -17
18-13_90.png 10 15 78 -61 -17
18-13_180.png 10 15 78 -61 -17
18-13_270.png 10 15 78 -61 -17
18-13_fl.png 10 15 78 -61 -17
18-14.png 10 15 74 -67 -7
18-14_90.png 10 15 74 -67 -7
18-14_180.png 10 15 74 -67 -7
18-14_270.png 10 15 74 -67 -7
18-14_fl.png 10 15 74 -67 -7
18-15.png 10 15 68 -62 -6
18-15_90.png 10 15 68 -62 -6
18-15_180.png 10 15 68 -62 -6
18-15_270.png 10 15 68 -62 -6
18-15_fl.png 10 15 68 -62 -6
19-2.png 15 15 141 -78 -63
19-2_90.png 15 15 141 -78 -63
19-2_180.png 15 15 141 -78 -63
19-2_270.png 15 15 141 -78 -63
19-2_fl.png 15 15 141 -78 -63
19-3.png 15 15 140 -85 -55
19-3_90.png 15 15 140 -85 -55
19-3_180.png 15 15 140 -85 -55
19-3_270.png 15 15 140 -85 -55
19-3_fl.png 15 15 140 -85 -55
19-4.png 15 15 133 -75 -58
19-4_90.png 15 15 133 -75 -58
19-4_180.png 15 15 133 -75 -58
19-4_270.png 15 15 133 -75 -58
19-4_fl.png 15 15 133 -75 -58
19-6.png 15 15 140 -90 -50
19-6_90.png 15 15 140 -90 -50
19-6_180.png 15 15 140 -90 -50
19-6_270.png 15 15 140 -90 -50
19-6_fl.png 15 15 140 -90 -50
19-7.png 15 15 139 -73 -66
19-7_90.png 15 15 139 -73 -66
19-7_180.png 15 15 139 -73 -66
19-7_270.png 15 15 139 -73 -66
19-7_fl.png 15 15 139 -73 -66
19-8.png 15 15 141 -76 -65
19-8_90.png 15 15 141 -76 -65
19-8_180.png 15 15 141 -76 -65
19-8_270.png 15 15 141 -76 -65
19-8_fl.png 15 15 141 -76 -65
19-10.png 15 15 140 -78 -62
19-10_90.png 15 15 140 -78 -62
19-10_180.png 15 15 140 -78 -62
19-10_270.png 15 15 140 -78 -62
19-10_fl.png 15 15 140 -78 -62
19-13.png 15 15 142 -77 -65
19-13_90.png 15 15 142 -77 -65
19-13_180.png 15 15 142 -77 -65
19-13_270.png 15 15 142 -77 -65
19-13_fl.png 15 15 142 -77 -65
19-14.png 15 15 145 -89 -56
19-14_90.png 15 15 145 -89 -56
19-14_180.png 15 15 145 -89 -56
19-14_270.png 15 15 145 -89 -56
19-14_fl.png 15 15 145 -89 -56
19-15.png 15 15 146 -78 -68
19-15_90.png 15 15 146 -78 -68
19-15_180.png 15 15 146 -78 -68
19-15_270.png 15 15 146 -78 -68
19-15_fl.png 15 15 146 -78 -68
20-2.png 20 15 205 -109 -96
20-2_90.png 20 15 205 -109 -96
20-2_180.png 20 15 205 -109 -96
20-2_270.png 20 15 205 -109 -96
20-2_fl.png 20 15 205 -109 -96
20-4.png 20 15 205 -94 -111
20-4_90.png 20 15 205 -94 -111
20-4_180.png 20 15 205 -94 -111
20-4_270.png 20 15 205 -94 -111
20-4_fl.png 20 15 205 -94 -111
20-6.png 20 15 205 -111 -94
20-6_90.png 20 15 205 -111 -94
20-6_180.png 20 15 205 -111 -94
20-6_270.png 20 15 205 -111 -94
20-6_fl.png 20 15 205 -111 -94
20-7.png 20 15 198 -107 -91
20-7_90.png 20 15 198 -107 -91
20-7_180.png 20 15 198 -107 -91
20-7_270.png 20 15 198 -107 -91
20-7_fl.png 20 15 198 -107 -91
20-9.png 20 15 206 -94 -112
20-9_90.png 20 15 206 -94 -112
20-9_180.png 20 15 206 -94 -112
20-9_270.png 20 15 206 -94 -112
20-9_fl.png 20 15 206 -94 -112
20-10.png 20 15 204 -107 -97
20-10_90.png 20 15 204 -107 -97
20-10_180.png 20 15 204 -107 -97
20-10_270.png 20 15 204 -107 -97
20-10_fl.png 20 15 204 -107 -97
20-11.png 20 15 199 -116 -83
20-11_90.png 20 15 199 -116 -83
20-11_180.png 20 15 199 -116 -83
20-11_270.png 20 15 199 -116 -83
20-11_fl.png 20 15 199 -116 -83
20-13.png 20 15 212 -94 -118
20-13_90.png 20 15 212 -94 -118
20-13_180.png 20 15 212 -94 -118
20-13_270.png 20 15 212 -94 -118
20-13_fl.png 20 15 212 -94 -118
20-14.png 20 15 205 -95 -110
20-14_90.png 20 15 205 -95 -110
20-14_180.png 20 15 205 -95 -110
20-14_270.png 20 15 205 -95 -110
20-14_fl.png 20 15 205 -95 -110
20-15.png 20 15 210 -113 -97
20-15_90.png 20 15 210 -113 -97
20-15_180.png 20 15 210 -113 -97
20-15_270.png 20 15 210 -113 -97
20-15_fl.png 20 15 210 -113 -97
21-1.png 0 20 -10 -84 94
21-1_90.png 0 20 -10 -84 94
21-1_180.png 0 20 -10 -84 94
21-1_270.png 0 20 -10 -84 94
21-1_fl.png 0 20 -10 -84 94
21-3.png 0 20 -4 -92 96
21-3_90.png 0 20 -4 -92 96
21-3_180.png 0 20 -4 -92 96
21-3_270.png 0 20 -4 -92 96
21-3_fl.png 0 20 -4 -92 96
21-4.png 0 20 -12 -74 86
21-4_90.png 0 20 -12 -74 86
21-4_180.png 0 20 -12 -74 86
21-4_270.png 0 20 -12 -74 86
21-4_fl.png 0 20 -12 -74 86
21-5.png 0 20 -6 -87 93
21-5_90.png 0 20 -6 -87 93
21-5_180.png 0 20 -6 -87 93
21-5_270.png 0 20 -6 -87 93
21-5_fl.png 0 20 -6 -87 93
21-6.png 0 20 1 -99 98
21-6_90.png 0 20 1 -99 98
21-6_180.png 0 20 1 -99 98
21-6_270.png 0 20 1 -99 98
21-6_fl.png 0 20 1 -99 98
21-9.png 0 20 0 -100 100
21-9_90.png 0 20 0 -100 100
21-9_180.png 0 20 0 -100 100
21-9_270.png 0 20 0 -100 100
21-9_fl.png 0 20 0 -100 100
21-10.png 0 20 -3 -81 84
21-10_90.png 0 20 -3 -81 84
21-10_180.png 0 20 -3 -81 84
21-10_270.png 0 20 -3 -81 84
21-10_fl.png 0 20 -3 -81 84
21-13.png 0 20 -5 -79 84
21-13_90.png 0 20 -5 -79 84
21-13_180.png 0 20 -5 -79 84
21-13_270.png 0 20 -5 -79 84
21-13_fl.png 0 20 -5 -79 84
21-14.png 0 20 -4 -80 84
21-14_90.png 0 20 -4 -80 84
21-14_180.png 0 20 -4 -80 84
21-14_270.png 0 20 -4 -80 84
21-14_fl.png 0 20 -4 -80 84
21-15.png 0 20 -7 -70 77
21-15_90.png 0 20 -7 -70 77
21-15_180.png 0 20 -7 -70 77
21-15_270.png 0 20 -7 -70 77
21-15_fl.png 0 20 -7 -70 77
22-1.png 5 20 60 -92 32
22-1_90.png 5 20 60 -92 32
22-1_180.png 5 20 60 -92 32
22-1_270.png 5 20 60 -92 32
22-1_fl.png 5 20 60 -92 32
22-2.png 5 20 54 -102 48
22-2_90.png 5 20 54 -102 48
22-2_180.png 5 20 54 -102 48
22-2_270.png 5 20 54 -102 48
22-2_fl.png 5 20 54 -102 48
22-3.png 5 20 46 -91 45
22-3_90.png 5 20 46 -91 45
22-3_180.png 5 20 46 -91 45
22-3_270.png 5 20 46 -91 45
22-3_fl.png 5 20 46 -91 45
22-4.png 5 20 50 -93 43
22-4_90.png 5 20 50 -93 43
22-4_180.png 5 20 50 -93 43
22-4_270.png 5 20 50 -93 43
22-4_fl.png 5 20 50 -93 43
22-6.png 5 20 60 -108 48
22-6_90.png 5 20 60 -108 48
22-6_180.png 5 20 60 -108 48
22-6_270.png 5 20 60 -108 48
22-6_fl.png 5 20 60 -108 48
22-7.png 5 20 52 -109 57
22-7_90.png 5 20 52 -109 57
22-7_180.png 5 20 52 -109 57
22-7_270.png 5 20 52 -109 57
22-7_fl.png 5 20 52 -109 57
22-8.png 5 20 53 -94 41
22-8_90.png 5 20 53 -94 41
22-8_180.png 5 20 53 -94 41
22-8_270.png 5 20 53 -94 41
22-8_fl.png 5 20 53 -94 41
22-9.png 5 20 53 -113 60
22-9_90.png 5 20 53 -113 60
22-9_180.png 5 20 53 -113 60
22-9_270.png 5 20 53 -113 60
22-9_fl.png 5 20 53 -113 60
22-10.png 5 20 54 -98 44
22-10_90.png 5 20 54 -98 44
22-10_180.png 5 20 54 -98 44
22-10_270.png 5 20 54 -98 44
22-10_fl.png 5 20 54 -98 44
22-14.png 5 20 61 -110 49
22-14_90.png 5 20 61 -110 49
22-14_180.png 5 20 61 -110 49
22-14_270.png 5 20 61 -110 49
22-14_fl.png 5 20 61 -110 49
23-1.png 10 20 132 -131 -1
23-1_90.png 10 20 132 -131 -1
23-1_180.png 10 20 132 -131 -1
23-1_270.png 10 20 132 -131 -1
23-1_fl.png 10 20 132 -131 -1
23-2.png 10 20 130 -131 1
23-2_90.png 10 20 130 -131 1
23-2_180.png 10 20 130 -131 1
23-2_270.png 10 20 130 -131 1
23-2_fl.png 10 20 130 -131 1
23-4.png 10 20 134 -125 -9
23-4_90.png 10 20 134 -125 -9
23-4_180.png 10 20 134 -125 -9
23-4_270.png 10 20 134 -125 -9
23-4_fl.png 10 20 134 -125 -9
23-5.png 10 20 118 -130 12
23-5_90.png 10 20 118 -130 12
23-5_180.png 10 20 118 -130 12
23-5_270.png 10 20 118 -130 12
23-5_fl.png 10 20 118 -130 12
23-6.png 10 20 126 -124 -2
23-6_90.png 10 20 126 -124 -2
23-6_180.png 10 20 126 -124 -2
23-6_270.png 10 20 126 -124 -2
23-6_fl.png 10 20 126 -124 -2
23-7.png 10 20 133 -133 0
23-7_90.png 10 20 133 -133 0
23-7_180.png 10 20 133 -133 0
23-7_270.png 10 20 133 -133 0
23-7_fl.png 10 20 133 -133 0
23-11.png 10 20 127 -130 3
23-11_90.png 10 20 127 -130 3
23-11_180.png 10 20 127 -130 3
23-11_270.png 10 20 127 -130 3
23-11_fl.png 10 20 127 -130 3
23-12.png 10 20 135 -134 -1
23-12_90.png 10 20 135 -134 -1
23-12_180.png 10 20 135 -134 -1
23-12_270.png 10 20 135 -134 -1
23-12_fl.png 10 20 135 -134 -1
23-13.png 10 20 132 -131 -1
23-13_90.png 10 20 132 -131 -1
23-13_180.png 10 20 132 -131 -1
23-13_270.png 10 20 132 -131 -1
23-13_fl.png 10 20 132 -131 -1
23-15.png 10 20 133 -133 0
23-15_90.png 10 20 133 -133 0
23-15_180.png 10 20 133 -133 0
23-15_270.png 10 20 133 -133 0
23-15_fl.png 10 20 133 -133 0
25-1.png 20 20 270 -198 -72
25-1_90.png 20 20 270 -198 -72
25-1_180.png 20 20 270 -198 -72
25-1_270.png 20 20 270 -198 -72
25-1_fl.png 20 20 270 -198 -72
25-2.png 20 20 274 -194 -80
25-2_90.png 20 20 274 -194 -80
25-2_180.png 20 20 274 -194 -80
25-2_270.png 20 20 274 -194 -80
25-2_fl.png 20 20 274 -194 -80
25-3.png 20 20 277 -197 -80
25-3_90.png 20 20 277 -197 -80
25-3_180.png 20 20 277 -197 -80
25-3_270.png 20 20 277 -197 -80
25-3_fl.png 20 20 277 -197 -80
25-4.png 20 20 274 -198 -76
25-4_90.png 20 20 274 -198 -76
25-4_180.png 20 20 274 -198 -76
25-4_270.png 20 20 274 -198 -76
25-4_fl.png 20 20 274 -198 -76
25-7.png 20 20 282 -197 -85
25-7_90.png 20 20 282 -197 -85
25-7_180.png 20 20 282 -197 -85
25-7_270.png 20 20 282 -197 -85
25-7_fl.png 20 20 282 -197 -85
25-9.png 20 20 285 -196 -89
25-9_90.png 20 20 285 -196 -89
25-9_180.png 20 20 285 -196 -89
25-9_270.png 20 20 285 -196 -89
25-9_fl.png 20 20 285 -196 -89
25-11.png 20 20 275 -195 -80
25-11_90.png 20 20 275 -195 -80
25-11_180.png 20 20 275 -195 -80
25-11_270.png 20 20 275 -195 -80
25-11_fl.png 20 20 275 -195 -80
25-12.png 20 20 276 -188 -88
25-12_90.png 20 20 276 -188 -88
25-12_180.png 20 20 276 -188 -88
25-12_270.png 20 20 276 -188 -88
25-12_fl.png 20 20 276 -188 -88
25-13.png 20 20 285 -189 -96
25-13_90.png 20 20 285 -189 -96
25-13_180.png 20 20 285 -189 -96
25-13_270.png 20 20 285 -189 -96
25-13_fl.png 20 20 285 -189 -96
25-14.png 20 20 287 -191 -96
25-14_90.png 20 20 287 -191 -96
25-14_180.png 20 20 287 -191 -96
25-14_270.png 20 20 287 -191 -96
25-14_fl.png 20 20 287 -191 -96
