1-5.png 0 0 -293 88 205
1-5_90.png 0 0 -293 88 205
1-5_180.png 0 0 -293 88 205
1-5_270.png 0 0 -293 88 205
1-5_fl.png 0 0 -293 88 205
1-7.png 0 0 -292 96 196
1-7_90.png 0 0 -292 96 196
1-7_180.png 0 0 -292 96 196
1-7_270.png 0 0 -292 96 196
1-7_fl.png 0 0 -292 96 196
1-9.png 0 0 -293 105 188
1-9_90.png 0 0 -293 105 188
1-9_180.png 0 0 -293 105 188
1-9_270.png 0 0 -293 105 188
1-9_fl.png 0 0 -293 105 188
1-10.png 0 0 -293 89 204
1-10_90.png 0 0 -293 89 204
1-10_180.png 0 0 -293 89 204
1-10_270.png 0 0 -293 89 204
1-10_fl.png 0 0 -293 89 204
1-14.png 0 0 -309 111 198
1-14_90.png 0 0 -309 111 198
1-14_180.png 0 0 -309 111 198
1-14_270.png 0 0 -309 111 198
1-14_fl.png 0 0 -309 111 198
2-2.png 5 0 -205 90 115
2-2_90.png 5 0 -205 90 115
2-2_180.png 5 0 -205 90 115
2-2_270.png 5 0 -205 90 115
2-2_fl.png 5 0 -205 90 115
2-4.png 5 0 -210 96 114
2-4_90.png 5 0 -210 96 114
2-4_180.png 5 0 -210 96 114
2-4_270.png 5 0 -210 96 114
2-4_fl.png 5 0 -210 96 114
2-6.png 5 0 -214 106 108
2-6_90.png 5 0 -214 106 108
2-6_180.png 5 0 -214 106 108
2-6_270.png 5 0 -214 106 108
2-6_fl.png 5 0 -214 106 108
2-7.png 5 0 -214 103 111
2-7_90.png 5 0 -214 103 111
2-7_180.png 5 0 -214 103 111
2-7_270.png 5 0 -214 103 111
2-7_fl.png 5 0 -214 103 111
2-8.png 5 0 -214 106 108
2-8_90.png 5 0 -214 106 108
2-8_180.png 5 0 -214 106 108
2-8_270.png 5 0 -214 106 108
2-8_fl.png 5 0 -214 106 108
4-1.png 15 0 -43 140 -97
4-1_90.png 15 0 -43 140 -97
4-1_180.png 15 0 -43 140 -97
4-1_270.png 15 0 -43 140 -97
4-1_fl.png 15 0 -43 140 -97
4-4.png 15 0 -52 158 -106
4-4_90.png 15 0 -52 158 -106
4-4_180.png 15 0 -52 158 -106
4-4_270.png 15 0 -52 158 -106
4-4_fl.png 15 0 -52 158 -106
4-7.png 15 0 -71 164 -93
4-7_90.png 15 0 -71 164 -93
4-7_180.png 15 0 -71 164 -93
4-7_270.png 15 0 -71 164 -93
4-7_fl.png 15 0 -71 164 -93
4-10.png 15 0 -60 150 -90
4-10_90.png 15 0 -60 150 -90
4-10_180.png 15 0 -60 150 -90
4-10_270.png 15 0 -60 150 -90
4-10_fl.png 15 0 -60 150 -90
4-11.png 15 0 -63 165 -102
4-11_90.png 15 0 -63 165 -102
4-11_180.png 15 0 -63 165 -102
4-11_270.png 15 0 -63 165 -102
4-11_fl.png 15 0 -63 165 -102
5-1.png 20 0 7 182 -189
5-1_90.png 20 0 7 182 -189
5-1_180.png 20 0 7 182 -189
5-1_270.png 20 0 7 182 -189
5-1_fl.png 20 0 7 182 -189
5-2.png 20 0 8 190 -198
5-2_90.png 20 0 8 190 -198
5-2_180.png 20 0 8 190 -198
5-2_270.png 20 0 8 190 -198
5-2_fl.png 20 0 8 190 -198
5-3.png 20 0 10 187 -197
5-3_90.png 20 0 10 187 -197
5-3_180.png 20 0 10 187 -197
5-3_270.png 20 0 10 187 -197
5-3_fl.png 20 0 10 187 -197
5-7.png 20 0 21 173 -194
5-7_90.png 20 0 21 173 -194
5-7_180.png 20 0 21 173 -194
5-7_270.png 20 0 21 173 -194
5-7_fl.png 20 0 21 173 -194
5-12.png 20 0 0 178 -178
5-12_90.png 20 0 0 178 -178
5-12_180.png 20 0 0 178 -178
5-12_270.png 20 0 0 178 -178
5-12_fl.png 20 0 0 178 -178
6-1.png 0 5 -206 56 150
6-1_90.png 0 5 -206 56 150
6-1_180.png 0 5 -206 56 150
6-1_270.png 0 5 -206 56 150
6-1_fl.png 0 5 -206 56 150
6-3.png 0 5 -210 47 163
6-3_90.png 0 5 -210 47 163
6-3_180.png 0 5 -210 47 163
6-3_270.png 0 5 -210 47 163
6-3_fl.png 0 5 -210 47 163
6-7.png 0 5 -210 46 164
6-7_90.png 0 5 -210 46 164
6-7_180.png 0 5 -210 46 164
6-7_270.png 0 5 -210 46 164
6-7_fl.png 0 5 -210 46 164
6-9.png 0 5 -213 49 164
6-9_90.png 0 5 -213 49 164
6-9_180.png 0 5 -213 49 164
6-9_270.png 0 5 -213 49 164
6-9_fl.png 0 5 -213 49 164
6-14.png 0 5 -219 64 155
6-14_90.png 0 5 -219 64 155
6-14_180.png 0 5 -219 64 155
6-14_270.png 0 5 -219 64 155
6-14_fl.png 0 5 -219 64 155
8-3.png 10 5 -60 55 5
8-3_90.png 10 5 -60 55 5
8-3_180.png 10 5 -60 55 5
8-3_270.png 10 5 -60 55 5
8-3_fl.png 10 5 -60 55 5
8-4.png 10 5 -70 70 0
8-4_90.png 10 5 -70 70 0
8-4_180.png 10 5 -70 70 0
8-4_270.png 10 5 -70 70 0
8-4_fl.png 10 5 -70 70 0
8-13.png 10 5 -69 70 -1
8-13_90.png 10 5 -69 70 -1
8-13_180.png 10 5 -69 70 -1
8-13_270.png 10 5 -69 70 -1
8-13_fl.png 10 5 -69 70 -1
8-14.png 10 5 -69 65 4
8-14_90.png 10 5 -69 65 4
8-14_180.png 10 5 -69 65 4
8-14_270.png 10 5 -69 65 4
8-14_fl.png 10 5 -69 65 4
8-15.png 10 5 -59 68 -9
8-15_90.png 10 5 -59 68 -9
8-15_180.png 10 5 -59 68 -9
8-15_270.png 10 5 -59 68 -9
8-15_fl.png 10 5 -59 68 -9
9-4.png 15 5 20 79 -99
9-4_90.png 15 5 20 79 -99
9-4_180.png 15 5 20 79 -99
9-4_270.png 15 5 20 79 -99
9-4_fl.png 15 5 20 79 -99
9-8.png 15 5 6 75 -81
9-8_90.png 15 5 6 75 -81
9-8_180.png 15 5 6 75 -81
9-8_270.png 15 5 6 75 -81
9-8_fl.png 15 5 6 75 -81
9-10.png 15 5 -1 81 -80
9-10_90.png 15 5 -1 81 -80
9-10_180.png 15 5 -1 81 -80
9-10_270.png 15 5 -1 81 -80
9-10_fl.png 15 5 -1 81 -80
9-11.png 15 5 -2 82 -80
9-11_90.png 15 5 -2 82 -80
9-11_180.png 15 5 -2 82 -80
9-11_270.png 15 5 -2 82 -80
9-11_fl.png 15 5 -2 82 -80
9-13.png 15 5 6 76 -82
9-13_90.png 15 5 6 76 -82
9-13_180.png 15 5 6 76 -82
9-13_270.png 15 5 6 76 -82
9-13_fl.png 15 5 6 76 -82
10-5.png 20 5 51 98 -149
10-5_90.png 20 5 51 98 -149
10-5_180.png 20 5 51 98 -149
10-5_270.png 20 5 51 98 -149
10-5_fl.png 20 5 51 98 -149
10-6.png 20 5 57 85 -142
10-6_90.png 20 5 57 85 -142
10-6_180.png 20 5 57 85 -142
10-6_270.png 20 5 57 85 -142
10-6_fl.png 20 5 57 85 -142
10-9.png 20 5 53 88 -141
10-9_90.png 20 5 53 88 -141
10-9_180.png 20 5 53 88 -141
10-9_270.png 20 5 53 88 -141
10-9_fl.png 20 5 53 88 -141
10-11.png 20 5 59 89 -148
10-11_90.png 20 5 59 89 -148
10-11_180.png 20 5 59 89 -148
10-11_270.png 20 5 59 89 -148
10-11_fl.png 20 5 59 89 -148
10-14.png 20 5 62 86 -148
10-14_90.png 20 5 62 86 -148
10-14_180.png 20 5 62 86 -148
10-14_270.png 20 5 62 86 -148
10-14_fl.png 20 5 62 86 -148
11-2.png 0 10 -134 9 125
11-2_90.png 0 10 -134 9 125
11-2_180.png 0 10 -134 9 125
11-2_270.png 0 10 -134 9 125
11-2_fl.png 0 10 -134 9 125
11-3.png 0 10 -132 -4 136
11-3_90.png 0 10 -132 -4 136
11-3_180.png 0 10 -132 -4 136
11-3_270.png 0 10 -132 -4 136
11-3_fl.png 0 10 -132 -4 136
11-7.png 0 10 -132 -1 133
11-7_90.png 0 10 -132 -1 133
11-7_180.png 0 10 -132 -1 133
11-7_270.png 0 10 -132 -1 133
11-7_fl.png 0 10 -132 -1 133
11-11.png 0 10 -136 11 125
11-11_90.png 0 10 -136 11 125
11-11_180.png 0 10 -136 11 125
11-11_270.png 0 10 -136 11 125
11-11_fl.png 0 10 -136 11 125
11-15.png 0 10 -131 -2 133
11-15_90.png 0 10 -131 -2 133
11-15_180.png 0 10 -131 -2 133
11-15_270.png 0 10 -131 -2 133
11-15_fl.png 0 10 -131 -2 133
12-3.png 5 10 -68 -1 69
12-3_90.png 5 10 -68 -1 69
12-3_180.png 5 10 -68 -1 69
12-3_270.png 5 10 -68 -1 69
12-3_fl.png 5 10 -68 -1 69
12-6.png 5 10 -67 -1 68
12-6_90.png 5 10 -67 -1 68
12-6_180.png 5 10 -67 -1 68
12-6_270.png 5 10 -67 -1 68
12-6_fl.png 5 10 -67 -1 68
12-7.png 5 10 -69 2 67
12-7_90.png 5 10 -69 2 67
12-7_180.png 5 10 -69 2 67
12-7_270.png 5 10 -69 2 67
12-7_fl.png 5 10 -69 2 67
12-9.png 5 10 -66 4 62
12-9_90.png 5 10 -66 4 62
12-9_180.png 5 10 -66 4 62
12-9_270.png 5 10 -66 4 62
12-9_fl.png 5 10 -66 4 62
12-11.png 5 10 -76 15 61
12-11_90.png 5 10 -76 15 61
12-11_180.png 5 10 -76 15 61
12-11_270.png 5 10 -76 15 61
12-11_fl.png 5 10 -76 15 61
13-7.png 10 10 -4 3 1
13-7_90.png 10 10 -4 3 1
13-7_180.png 10 10 -4 3 1
13-7_270.png 10 10 -4 3 1
13-7_fl.png 10 10 -4 3 1
13-11.png 10 10 0 -7 7
13-11_90.png 10 10 0 -7 7
13-11_180.png 10 10 0 -7 7
13-11_270.png 10 10 0 -7 7
13-11_fl.png 10 10 0 -7 7
13-12.png 10 10 2 0 -2
13-12_90.png 10 10 2 0 -2
13-12_180.png 10 10 2 0 -2
13-12_270.png 10 10 2 0 -2
13-12_fl.png 10 10 2 0 -2
13-14.png 10 10 -1 0 1
13-14_90.png 10 10 -1 0 1
13-14_180.png 10 10 -1 0 1
13-14_270.png 10 10 -1 0 1
13-14_fl.png 10 10 -1 0 1
13-15.png 10 10 -1 0 1
13-15_90.png 10 10 -1 0 1
13-15_180.png 10 10 -1 0 1
13-15_270.png 10 10 -1 0 1
13-15_fl.png 10 10 -1 0 1
14-1.png 15 10 67 0 -67
14-1_90.png 15 10 67 0 -67
14-1_180.png 15 10 67 0 -67
14-1_270.png 15 10 67 0 -67
14-1_fl.png 15 10 67 0 -67
14-9.png 15 10 68 0 -68
14-9_90.png 15 10 68 0 -68
14-9_180.png 15 10 68 0 -68
14-9_270.png 15 10 68 0 -68
14-9_fl.png 15 10 68 0 -68
14-12.png 15 10 77 0 -77
14-12_90.png 15 10 77 0 -77
14-12_180.png 15 10 77 0 -77
14-12_270.png 15 10 77 0 -77
14-12_fl.png 15 10 77 0 -77
14-13.png 15 10 74 0 -74
14-13_90.png 15 10 74 0 -74
14-13_180.png 15 10 74 0 -74
14-13_270.png 15 10 74 0 -74
14-13_fl.png 15 10 74 0 -74
14-14.png 15 10 78 0 -78
14-14_90.png 15 10 78 0 -78
14-14_180.png 15 10 78 0 -78
14-14_270.png 15 10 78 0 -78
14-14_fl.png 15 10 78 0 -78
16-2.png 0 15 -61 -41 102
16-2_90.png 0 15 -61 -41 102
16-2_180.png 0 15 -61 -41 102
16-2_270.png 0 15 -61 -41 102
16-2_fl.png 0 15 -61 -41 102
16-5.png 0 15 -56 -38 94
16-5_90.png 0 15 -56 -38 94
16-5_180.png 0 15 -56 -38 94
16-5_270.png 0 15 -56 -38 94
16-5_fl.png 0 15 -56 -38 94
16-6.png 0 15 -58 -40 98
16-6_90.png 0 15 -58 -40 98
16-6_180.png 0 15 -58 -40 98
16-6_270.png 0 15 -58 -40 98
16-6_fl.png 0 15 -58 -40 98
16-8.png 0 15 -54 -48 102
16-8_90.png 0 15 -54 -48 102
16-8_180.png 0 15 -54 -48 102
16-8_270.png 0 15 -54 -48 102
16-8_fl.png 0 15 -54 -48 102
16-15.png 0 15 -68 -34 102
16-15_90.png 0 15 -68 -34 102
16-15_180.png 0 15 -68 -34 102
16-15_270.png 0 15 -68 -34 102
16-15_fl.png 0 15 -68 -34 102
18-3.png 10 15 74 -62 -12
18-3_90.png 10 15 74 -62 -12
18-3_180.png 10 15 74 -62 -12
18-3_270.png 10 15 74 -62 -12
18-3_fl.png 10 15 74 -62 -12
18-6.png 10 15 74 -59 -15
18-6_90.png 10 15 74 -59 -15
18-6_180.png 10 15 74 -59 -15
18-6_270.png 10 15 74 -59 -15
18-6_fl.png 10 15 74 -59 -15
18-9.png 10 15 66 -59 -7
18-9_90.png 10 15 66 -59 -7
18-9_180.png 10 15 66 -59 -7
18-9_270.png 10 15 66 -59 -7
18-9_fl.png 10 15 66 -59 -7
18-11.png 10 15 68 -62 -6
18-11_90.png 10 15 68 -62 -6
18-11_180.png 10 15 68 -62 -6
18-11_270.png 10 15 68 -62 -6
18-11_fl.png 10 15 68 -62 -6
18-14.png 10 15 74 -67 -7
18-14_90.png 10 15 74 -67 -7
18-14_180.png 10 15 74 -67 -7
18-14_270.png 10 15 74 -67 -7
18-14_fl.png 10 15 74 -67 -7
20-1.png 20 15 206 -114 -92
20-1_90.png 20 15 206 -114 -92
20-1_180.png 20 15 206 -114 -92
20-1_270.png 20 15 206 -114 -92
20-1_fl.png 20 15 206 -114 -92
20-3.png 20 15 205 -109 -96
20-3_90.png 20 15 205 -109 -96
20-3_180.png 20 15 205 -109 -96
20-3_270.png 20 15 205 -109 -96
20-3_fl.png 20 15 205 -109 -96
20-8.png 20 15 205 -93 -112
20-8_90.png 20 15 205 -93 -112
20-8_180.png 20 15 205 -93 -112
20-8_270.png 20 15 205 -93 -112
20-8_fl.png 20 15 205 -93 -112
20-10.png 20 15 204 -107 -97
20-10_90.png 20 15 204 -107 -97
20-10_180.png 20 15 204 -107 -97
20-10_270.png 20 15 204 -107 -97
20-10_fl.png 20 15 204 -107 -97
20-15.png 20 15 210 -113 -97
20-15_90.png 20 15 210 -113 -97
20-15_180.png 20 15 210 -113 -97
20-15_270.png 20 15 210 -113 -97
20-15_fl.png 20 15 210 -113 -97
21-1.png 0 20 -10 -84 94
21-1_90.png 0 20 -10 -84 94
21-1_180.png 0 20 -10 -84 94
21-1_270.png 0 20 -10 -84 94
21-1_fl.png 0 20 -10 -84 94
21-6.png 0 20 1 -99 98
21-6_90.png 0 20 1 -99 98
21-6_180.png 0 20 1 -99 98
21-6_270.png 0 20 1 -99 98
21-6_fl.png 0 20 1 -99 98
21-8.png 0 20 -3 -91 94
21-8_90.png 0 20 -3 -91 94
21-8_180.png 0 20 -3 -91 94
21-8_270.png 0 20 -3 -91 94
21-8_fl.png 0 20 -3 -91 94
21-11.png 0 20 2 -94 92
21-11_90.png 0 20 2 -94 92
21-11_180.png 0 20 2 -94 92
21-11_270.png 0 20 2 -94 92
21-11_fl.png 0 20 2 -94 92
21-15.png 0 20 -7 -70 77
21-15_90.png 0 20 -7 -70 77
21-15_180.png 0 20 -7 -70 77
21-15_270.png 0 20 -7 -70 77
21-15_fl.png 0 20 -7 -70 77
22-2.png 5 20 54 -102 48
22-2_90.png 5 20 54 -102 48
22-2_180.png 5 20 54 -102 48
22-2_270.png 5 20 54 -102 48
22-2_fl.png 5 20 54 -102 48
22-7.png 5 20 52 -109 57
22-7_90.png 5 20 52 -109 57
22-7_180.png 5 20 52 -109 57
22-7_270.png 5 20 52 -109 57
22-7_fl.png 5 20 52 -109 57
22-13.png 5 20 59 -93 34
22-13_90.png 5 20 59 -93 34
22-13_180.png 5 20 59 -93 34
22-13_270.png 5 20 59 -93 34
22-13_fl.png 5 20 59 -93 34
22-14.png 5 20 61 -110 49
22-14_90.png 5 20 61 -110 49
22-14_180.png 5 20 61 -110 49
22-14_270.png 5 20 61 -110 49
22-14_fl.png 5 20 61 -110 49
22-15.png 5 20 53 -94 41
22-15_90.png 5 20 53 -94 41
22-15_180.png 5 20 53 -94 41
22-15_270.png 5 20 53 -94 41
22-15_fl.png 5 20 53 -94 41
24-2.png 15 20 198 -157 -41
24-2_90.png 15 20 198 -157 -41
24-2_180.png 15 20 198 -157 -41
24-2_270.png 15 20 198 -157 -41
24-2_fl.png 15 20 198 -157 -41
24-8.png 15 20 203 -164 -39
24-8_90.png 15 20 203 -164 -39
24-8_180.png 15 20 203 -164 -39
24-8_270.png 15 20 203 -164 -39
24-8_fl.png 15 20 203 -164 -39
24-11.png 15 20 198 -155 -43
24-11_90.png 15 20 198 -155 -43
24-11_180.png 15 20 198 -155 -43
24-11_270.png 15 20 198 -155 -43
24-11_fl.png 15 20 198 -155 -43
24-14.png 15 20 199 -158 -41
24-14_90.png 15 20 199 -158 -41
24-14_180.png 15 20 199 -158 -41
24-14_270.png 15 20 199 -158 -41
24-14_fl.png 15 20 199 -158 -41
24-15.png 15 20 198 -165 -33
24-15_90.png 15 20 198 -165 -33
24-15_180.png 15 20 198 -165 -33
24-15_270.png 15 20 198 -165 -33
24-15_fl.png 15 20 198 -165 -33
25-1.png 20 20 270 -198 -72
25-1_90.png 20 20 270 -198 -72
25-1_180.png 20 20 270 -198 -72
25-1_270.png 20 20 270 -198 -72
25-1_fl.png 20 20 270 -198 -72
25-2.png 20 20 274 -194 -80
25-2_90.png 20 20 274 -194 -80
25-2_180.png 20 20 274 -194 -80
25-2_270.png 20 20 274 -194 -80
25-2_fl.png 20 20 274 -194 -80
25-8.png 20 20 293 -190 -103
25-8_90.png 20 20 293 -190 -103
25-8_180.png 20 20 293 -190 -103
25-8_270.png 20 20 293 -190 -103
25-8_fl.png 20 20 293 -190 -103
25-13.png 20 20 285 -189 -96
25-13_90.png 20 20 285 -189 -96
25-13_180.png 20 20 285 -189 -96
25-13_270.png 20 20 285 -189 -96
25-13_fl.png 20 20 285 -189 -96
25-14.png 20 20 287 -191 -96
25-14_90.png 20 20 287 -191 -96
25-14_180.png 20 20 287 -191 -96
25-14_270.png 20 20 287 -191 -96
25-14_fl.png 20 20 287 -191 -96
