1-7.png 0 0 -292 96 196
1-7_90.png 0 0 -292 96 196
1-7_180.png 0 0 -292 96 196
1-7_270.png 0 0 -292 96 196
1-7_fl.png 0 0 -292 96 196
1-9.png 0 0 -293 105 188
1-9_90.png 0 0 -293 105 188
1-9_180.png 0 0 -293 105 188
1-9_270.png 0 0 -293 105 188
1-9_fl.png 0 0 -293 105 188
1-10.png 0 0 -293 89 204
1-10_90.png 0 0 -293 89 204
1-10_180.png 0 0 -293 89 204
1-10_270.png 0 0 -293 89 204
1-10_fl.png 0 0 -293 89 204
1-13.png 0 0 -286 98 188
1-13_90.png 0 0 -286 98 188
1-13_180.png 0 0 -286 98 188
1-13_270.png 0 0 -286 98 188
1-13_fl.png 0 0 -286 98 188
1-15.png 0 0 -299 95 204
1-15_90.png 0 0 -299 95 204
1-15_180.png 0 0 -299 95 204
1-15_270.png 0 0 -299 95 204
1-15_fl.png 0 0 -299 95 204
3-4.png 10 0 -123 139 -16
3-4_90.png 10 0 -123 139 -16
3-4_180.png 10 0 -123 139 -16
3-4_270.png 10 0 -123 139 -16
3-4_fl.png 10 0 -123 139 -16
3-5.png 10 0 -132 131 1
3-5_90.png 10 0 -132 131 1
3-5_180.png 10 0 -132 131 1
3-5_270.png 10 0 -132 131 1
3-5_fl.png 10 0 -132 131 1
3-9.png 10 0 -136 136 0
3-9_90.png 10 0 -136 136 0
3-9_180.png 10 0 -136 136 0
3-9_270.png 10 0 -136 136 0
3-9_fl.png 10 0 -136 136 0
3-10.png 10 0 -127 131 -4
3-10_90.png 10 0 -127 131 -4
3-10_180.png 10 0 -127 131 -4
3-10_270.png 10 0 -127 131 -4
3-10_fl.png 10 0 -127 131 -4
3-15.png 10 0 -126 126 0
3-15_90.png 10 0 -126 126 0
3-15_180.png 10 0 -126 126 0
3-15_270.png 10 0 -126 126 0
3-15_fl.png 10 0 -126 126 0
5-3.png 20 0 10 187 -197
5-3_90.png 20 0 10 187 -197
5-3_180.png 20 0 10 187 -197
5-3_270.png 20 0 10 187 -197
5-3_fl.png 20 0 10 187 -197
5-5.png 20 0 14 188 -202
5-5_90.png 20 0 14 188 -202
5-5_180.png 20 0 14 188 -202
5-5_270.png 20 0 14 188 -202
5-5_fl.png 20 0 14 188 -202
5-6.png 20 0 6 192 -198
5-6_90.png 20 0 6 192 -198
5-6_180.png 20 0 6 192 -198
5-6_270.png 20 0 6 192 -198
5-6_fl.png 20 0 6 192 -198
5-8.png 20 0 -3 193 -190
5-8_90.png 20 0 -3 193 -190
5-8_180.png 20 0 -3 193 -190
5-8_270.png 20 0 -3 193 -190
5-8_fl.png 20 0 -3 193 -190
5-9.png 20 0 -1 191 -190
5-9_90.png 20 0 -1 191 -190
5-9_180.png 20 0 -1 191 -190
5-9_270.png 20 0 -1 191 -190
5-9_fl.png 20 0 -1 191 -190
6-1.png 0 5 -206 56 150
6-1_90.png 0 5 -206 56 150
6-1_180.png 0 5 -206 56 150
6-1_270.png 0 5 -206 56 150
6-1_fl.png 0 5 -206 56 150
6-8.png 0 5 -213 55 158
6-8_90.png 0 5 -213 55 158
6-8_180.png 0 5 -213 55 158
6-8_270.png 0 5 -213 55 158
6-8_fl.png 0 5 -213 55 158
6-9.png 0 5 -213 49 164
6-9_90.png 0 5 -213 49 164
6-9_180.png 0 5 -213 49 164
6-9_270.png 0 5 -213 49 164
6-9_fl.png 0 5 -213 49 164
6-10.png 0 5 -214 50 164
6-10_90.png 0 5 -214 50 164
6-10_180.png 0 5 -214 50 164
6-10_270.png 0 5 -214 50 164
6-10_fl.png 0 5 -214 50 164
6-11.png 0 5 -214 50 164
6-11_90.png 0 5 -214 50 164
6-11_180.png 0 5 -214 50 164
6-11_270.png 0 5 -214 50 164
6-11_fl.png 0 5 -214 50 164
7-1.png 5 5 -147 73 74
7-1_90.png 5 5 -147 73 74
7-1_180.png 5 5 -147 73 74
7-1_270.png 5 5 -147 73 74
7-1_fl.png 5 5 -147 73 74
7-2.png 5 5 -145 60 85
7-2_90.png 5 5 -145 60 85
7-2_180.png 5 5 -145 60 85
7-2_270.png 5 5 -145 60 85
7-2_fl.png 5 5 -145 60 85
7-3.png 5 5 -146 64 82
7-3_90.png 5 5 -146 64 82
7-3_180.png 5 5 -146 64 82
7-3_270.png 5 5 -146 64 82
7-3_fl.png 5 5 -146 64 82
7-6.png 5 5 -148 58 90
7-6_90.png 5 5 -148 58 90
7-6_180.png 5 5 -148 58 90
7-6_270.png 5 5 -148 58 90
7-6_fl.png 5 5 -148 58 90
7-7.png 5 5 -147 71 76
7-7_90.png 5 5 -147 71 76
7-7_180.png 5 5 -147 71 76
7-7_270.png 5 5 -147 71 76
7-7_fl.png 5 5 -147 71 76
8-5.png 10 5 -70 66 4
8-5_90.png 10 5 -70 66 4
8-5_180.png 10 5 -70 66 4
8-5_270.png 10 5 -70 66 4
8-5_fl.png 10 5 -70 66 4
8-6.png 10 5 -69 69 0
8-6_90.png 10 5 -69 69 0
8-6_180.png 10 5 -69 69 0
8-6_270.png 10 5 -69 69 0
8-6_fl.png 10 5 -69 69 0
8-10.png 10 5 -80 76 4
8-10_90.png 10 5 -80 76 4
8-10_180.png 10 5 -80 76 4
8-10_270.png 10 5 -80 76 4
8-10_fl.png 10 5 -80 76 4
8-11.png 10 5 -76 72 4
8-11_90.png 10 5 -76 72 4
8-11_180.png 10 5 -76 72 4
8-11_270.png 10 5 -76 72 4
8-11_fl.png 10 5 -76 72 4
8-15.png 10 5 -59 68 -9
8-15_90.png 10 5 -59 68 -9
8-15_180.png 10 5 -59 68 -9
8-15_270.png 10 5 -59 68 -9
8-15_fl.png 10 5 -59 68 -9
9-2.png 15 5 4 76 -80
9-2_90.png 15 5 4 76 -80
9-2_180.png 15 5 4 76 -80
9-2_270.png 15 5 4 76 -80
9-2_fl.png 15 5 4 76 -80
9-3.png 15 5 1 82 -83
9-3_90.png 15 5 1 82 -83
9-3_180.png 15 5 1 82 -83
9-3_270.png 15 5 1 82 -83
9-3_fl.png 15 5 1 82 -83
9-12.png 15 5 -4 81 -77
9-12_90.png 15 5 -4 81 -77
9-12_180.png 15 5 -4 81 -77
9-12_270.png 15 5 -4 81 -77
9-12_fl.png 15 5 -4 81 -77
9-14.png 15 5 1 81 -82
9-14_90.png 15 5 1 81 -82
9-14_180.png 15 5 1 81 -82
9-14_270.png 15 5 1 81 -82
9-14_fl.png 15 5 1 81 -82
9-15.png 15 5 7 76 -83
9-15_90.png 15 5 7 76 -83
9-15_180.png 15 5 7 76 -83
9-15_270.png 15 5 7 76 -83
9-15_fl.png 15 5 7 76 -83
11-5.png 0 10 -124 -1 125
11-5_90.png 0 10 -124 -1 125
11-5_180.png 0 10 -124 -1 125
11-5_270.png 0 10 -124 -1 125
11-5_fl.png 0 10 -124 -1 125
11-8.png 0 10 -133 7 126
11-8_90.png 0 10 -133 7 126
11-8_180.png 0 10 -133 7 126
11-8_270.png 0 10 -133 7 126
11-8_fl.png 0 10 -133 7 126
11-9.png 0 10 -131 -1 132
11-9_90.png 0 10 -131 -1 132
11-9_180.png 0 10 -131 -1 132
11-9_270.png 0 10 -131 -1 132
11-9_fl.png 0 10 -131 -1 132
11-12.png 0 10 -131 6 125
11-12_90.png 0 10 -131 6 125
11-12_180.png 0 10 -131 6 125
11-12_270.png 0 10 -131 6 125
11-12_fl.png 0 10 -131 6 125
11-14.png 0 10 -106 1 105
11-14_90.png 0 10 -106 1 105
11-14_180.png 0 10 -106 1 105
11-14_270.png 0 10 -106 1 105
11-14_fl.png 0 10 -106 1 105
12-4.png 5 10 -67 -2 69
12-4_90.png 5 10 -67 -2 69
12-4_180.png 5 10 -67 -2 69
12-4_270.png 5 10 -67 -2 69
12-4_fl.png 5 10 -67 -2 69
12-7.png 5 10 -69 2 67
12-7_90.png 5 10 -69 2 67
12-7_180.png 5 10 -69 2 67
12-7_270.png 5 10 -69 2 67
12-7_fl.png 5 10 -69 2 67
12-12.png 5 10 -69 0 69
12-12_90.png 5 10 -69 0 69
12-12_180.png 5 10 -69 0 69
12-12_270.png 5 10 -69 0 69
12-12_fl.png 5 10 -69 0 69
12-13.png 5 10 -73 12 61
12-13_90.png 5 10 -73 12 61
12-13_180.png 5 10 -73 12 61
12-13_270.png 5 10 -73 12 61
12-13_fl.png 5 10 -73 12 61
12-15.png 5 10 -68 8 60
12-15_90.png 5 10 -68 8 60
12-15_180.png 5 10 -68 8 60
12-15_270.png 5 10 -68 8 60
12-15_fl.png 5 10 -68 8 60
13-1.png 10 10 -1 0 1
13-1_90.png 10 10 -1 0 1
13-1_180.png 10 10 -1 0 1
13-1_270.png 10 10 -1 0 1
13-1_fl.png 10 10 -1 0 1
13-5.png 10 10 8 -2 -6
13-5_90.png 10 10 8 -2 -6
13-5_180.png 10 10 8 -2 -6
13-5_270.png 10 10 8 -2 -6
13-5_fl.png 10 10 8 -2 -6
13-7.png 10 10 -4 3 1
13-7_90.png 10 10 -4 3 1
13-7_180.png 10 10 -4 3 1
13-7_270.png 10 10 -4 3 1
13-7_fl.png 10 10 -4 3 1
13-9.png 10 10 0 -2 2
13-9_90.png 10 10 0 -2 2
13-9_180.png 10 10 0 -2 2
13-9_270.png 10 10 0 -2 2
13-9_fl.png 10 10 0 -2 2
13-12.png 10 10 2 0 -2
13-12_90.png 10 10 2 0 -2
13-12_180.png 10 10 2 0 -2
13-12_270.png 10 10 2 0 -2
13-12_fl.png 10 10 2 0 -2
14-1.png 15 10 67 0 -67
14-1_90.png 15 10 67 0 -67
14-1_180.png 15 10 67 0 -67
14-1_270.png 15 10 67 0 -67
14-1_fl.png 15 10 67 0 -67
14-5.png 15 10 68 0 -68
14-5_90.png 15 10 68 0 -68
14-5_180.png 15 10 68 0 -68
14-5_270.png 15 10 68 0 -68
14-5_fl.png 15 10 68 0 -68
14-12.png 15 10 77 0 -77
14-12_90.png 15 10 77 0 -77
14-12_180.png 15 10 77 0 -77
14-12_270.png 15 10 77 0 -77
14-12_fl.png 15 10 77 0 -77
14-13.png 15 10 74 0 -74
14-13_90.png 15 10 74 0 -74
14-13_180.png 15 10 74 0 -74
14-13_270.png 15 10 74 0 -74
14-13_fl.png 15 10 74 0 -74
14-14.png 15 10 78 0 -78
14-14_90.png 15 10 78 0 -78
14-14_180.png 15 10 78 0 -78
14-14_270.png 15 10 78 0 -78
14-14_fl.png 15 10 78 0 -78
16-1.png 0 15 -62 -44 106
16-1_90.png 0 15 -62 -44 106
16-1_180.png 0 15 -62 -44 106
16-1_270.png 0 15 -62 -44 106
16-1_fl.png 0 15 -62 -44 106
16-2.png 0 15 -61 -41 102
16-2_90.png 0 15 -61 -41 102
16-2_180.png 0 15 -61 -41 102
16-2_270.png 0 15 -61 -41 102
16-2_fl.png 0 15 -61 -41 102
16-9.png 0 15 -54 -39 93
16-9_90.png 0 15 -54 -39 93
16-9_180.png 0 15 -54 -39 93
16-9_270.png 0 15 -54 -39 93
16-9_fl.png 0 15 -54 -39 93
16-11.png 0 15 -63 -39 102
16-11_90.png 0 15 -63 -39 102
16-11_180.png 0 15 -63 -39 102
16-11_270.png 0 15 -63 -39 102
16-11_fl.png 0 15 -63 -39 102
16-14.png 0 15 -29 -62 91
16-14_90.png 0 15 -29 -62 91
16-14_180.png 0 15 -29 -62 91
16-14_270.png 0 15 -29 -62 91
16-14_fl.png 0 15 -29 -62 91
18-1.png 10 15 79 -69 -10
18-1_90.png 10 15 79 -69 -10
18-1_180.png 10 15 79 -69 -10
18-1_270.png 10 15 79 -69 -10
18-1_fl.png 10 15 79 -69 -10
18-8.png 10 15 74 -60 -14
18-8_90.png 10 15 74 -60 -14
18-8_180.png 10 15 74 -60 -14
18-8_270.png 10 15 74 -60 -14
18-8_fl.png 10 15 74 -60 -14
18-11.png 10 15 68 -62 -6
18-11_90.png 10 15 68 -62 -6
18-11_180.png 10 15 68 -62 -6
18-11_270.png 10 15 68 -62 -6
18-11_fl.png 10 15 68 -62 -6
18-12.png 10 15 76 -76 0
18-12_90.png 10 15 76 -76 0
18-12_180.png 10 15 76 -76 0
18-12_270.png 10 15 76 -76 0
18-12_fl.png 10 15 76 -76 0
18-15.png 10 15 68 -62 -6
18-15_90.png 10 15 68 -62 -6
18-15_180.png 10 15 68 -62 -6
18-15_270.png 10 15 68 -62 -6
18-15_fl.png 10 15 68 -62 -6
19-3.png 15 15 140 -85 -55
19-3_90.png 15 15 140 -85 -55
19-3_180.png 15 15 140 -85 -55
19-3_270.png 15 15 140 -85 -55
19-3_fl.png 15 15 140 -85 -55
19-7.png 15 15 139 -73 -66
19-7_90.png 15 15 139 -73 -66
19-7_180.png 15 15 139 -73 -66
19-7_270.png 15 15 139 -73 -66
19-7_fl.png 15 15 139 -73 -66
19-9.png 15 15 142 -90 -52
19-9_90.png 15 15 142 -90 -52
19-9_180.png 15 15 142 -90 -52
19-9_270.png 15 15 142 -90 -52
19-9_fl.png 15 15 142 -90 -52
19-14.png 15 15 145 -89 -56
19-14_90.png 15 15 145 -89 -56
19-14_180.png 15 15 145 -89 -56
19-14_270.png 15 15 145 -89 -56
19-14_fl.png 15 15 145 -89 -56
19-15.png 15 15 146 -78 -68
19-15_90.png 15 15 146 -78 -68
19-15_180.png 15 15 146 -78 -68
19-15_270.png 15 15 146 -78 -68
19-15_fl.png 15 15 146 -78 -68
20-3.png 20 15 205 -109 -96
20-3_90.png 20 15 205 -109 -96
20-3_180.png 20 15 205 -109 -96
20-3_270.png 20 15 205 -109 -96
20-3_fl.png 20 15 205 -109 -96
20-4.png 20 15 205 -94 -111
20-4_90.png 20 15 205 -94 -111
20-4_180.png 20 15 205 -94 -111
20-4_270.png 20 15 205 -94 -111
20-4_fl.png 20 15 205 -94 -111
20-5.png 20 15 204 -110 -94
20-5_90.png 20 15 204 -110 -94
20-5_180.png 20 15 204 -110 -94
20-5_270.png 20 15 204 -110 -94
20-5_fl.png 20 15 204 -110 -94
20-6.png 20 15 205 -111 -94
20-6_90.png 20 15 205 -111 -94
20-6_180.png 20 15 205 -111 -94
20-6_270.png 20 15 205 -111 -94
20-6_fl.png 20 15 205 -111 -94
20-11.png 20 15 199 -116 -83
20-11_90.png 20 15 199 -116 -83
20-11_180.png 20 15 199 -116 -83
20-11_270.png 20 15 199 -116 -83
20-11_fl.png 20 15 199 -116 -83
21-4.png 0 20 -12 -74 86
21-4_90.png 0 20 -12 -74 86
21-4_180.png 0 20 -12 -74 86
21-4_270.png 0 20 -12 -74 86
21-4_fl.png 0 20 -12 -74 86
21-5.png 0 20 -6 -87 93
21-5_90.png 0 20 -6 -87 93
21-5_180.png 0 20 -6 -87 93
21-5_270.png 0 20 -6 -87 93
21-5_fl.png 0 20 -6 -87 93
21-7.png 0 20 -1 -87 88
21-7_90.png 0 20 -1 -87 88
21-7_180.png 0 20 -1 -87 88
21-7_270.png 0 20 -1 -87 88
21-7_fl.png 0 20 -1 -87 88
21-9.png 0 20 0 -100 100
21-9_90.png 0 20 0 -100 100
21-9_180.png 0 20 0 -100 100
21-9_270.png 0 20 0 -100 100
21-9_fl.png 0 20 0 -100 100
21-15.png 0 20 -7 -70 77
21-15_90.png 0 20 -7 -70 77
21-15_180.png 0 20 -7 -70 77
21-15_270.png 0 20 -7 -70 77
21-15_fl.png 0 20 -7 -70 77
22-4.png 5 20 50 -93 43
22-4_90.png 5 20 50 -93 43
22-4_180.png 5 20 50 -93 43
22-4_270.png 5 20 50 -93 43
22-4_fl.png 5 20 50 -93 43
22-5.png 5 20 53 -107 54
22-5_90.png 5 20 53 -107 54
22-5_180.png 5 20 53 -107 54
22-5_270.png 5 20 53 -107 54
22-5_fl.png 5 20 53 -107 54
22-8.png 5 20 53 -94 41
22-8_90.png 5 20 53 -94 41
22-8_180.png 5 20 53 -94 41
22-8_270.png 5 20 53 -94 41
22-8_fl.png 5 20 53 -94 41
22-13.png 5 20 59 -93 34
22-13_90.png 5 20 59 -93 34
22-13_180.png 5 20 59 -93 34
22-13_270.png 5 20 59 -93 34
22-13_fl.png 5 20 59 -93 34
22-14.png 5 20 61 -110 49
22-14_90.png 5 20 61 -110 49
22-14_180.png 5 20 61 -110 49
22-14_270.png 5 20 61 -110 49
22-14_fl.png 5 20 61 -110 49
23-1.png 10 20 132 -131 -1
23-1_90.png 10 20 132 -131 -1
23-1_180.png 10 20 132 -131 -1
23-1_270.png 10 20 132 -131 -1
23-1_fl.png 10 20 132 -131 -1
23-6.png 10 20 126 -124 -2
23-6_90.png 10 20 126 -124 -2
23-6_180.png 10 20 126 -124 -2
23-6_270.png 10 20 126 -124 -2
23-6_fl.png 10 20 126 -124 -2
23-9.png 10 20 134 -132 -2
23-9_90.png 10 20 134 -132 -2
23-9_180.png 10 20 134 -132 -2
23-9_270.png 10 20 134 -132 -2
23-9_fl.png 10 20 134 -132 -2
23-10.png 10 20 126 -133 7
23-10_90.png 10 20 126 -133 7
23-10_180.png 10 20 126 -133 7
23-10_270.png 10 20 126 -133 7
23-10_fl.png 10 20 126 -133 7
23-12.png 10 20 135 -134 -1
23-12_90.png 10 20 135 -134 -1
23-12_180.png 10 20 135 -134 -1
23-12_270.png 10 20 135 -134 -1
23-12_fl.png 10 20 135 -134 -1
25-2.png 20 20 274 -194 -80
25-2_90.png 20 20 274 -194 -80
25-2_180.png 20 20 274 -194 -80
25-2_270.png 20 20 274 -194 -80
25-2_fl.png 20 20 274 -194 -80
25-11.png 20 20 275 -195 -80
25-11_90.png 20 20 275 -195 -80
25-11_180.png 20 20 275 -195 -80
25-11_270.png 20 20 275 -195 -80
25-11_fl.png 20 20 275 -195 -80
25-12.png 20 20 276 -188 -88
25-12_90.png 20 20 276 -188 -88
25-12_180.png 20 20 276 -188 -88
25-12_270.png 20 20 276 -188 -88
25-12_fl.png 20 20 276 -188 -88
25-13.png 20 20 285 -189 -96
25-13_90.png 20 20 285 -189 -96
25-13_180.png 20 20 285 -189 -96
25-13_270.png 20 20 285 -189 -96
25-13_fl.png 20 20 285 -189 -96
25-14.png 20 20 287 -191 -96
25-14_90.png 20 20 287 -191 -96
25-14_180.png 20 20 287 -191 -96
25-14_270.png 20 20 287 -191 -96
25-14_fl.png 20 20 287 -191 -96
