1-1.png 0 0 -288 90 198
1-1_90.png 0 0 -288 90 198
1-1_180.png 0 0 -288 90 198
1-1_270.png 0 0 -288 90 198
1-1_fl.png 0 0 -288 90 198
1-3.png 0 0 -294 97 197
1-3_90.png 0 0 -294 97 197
1-3_180.png 0 0 -294 97 197
1-3_270.png 0 0 -294 97 197
1-3_fl.png 0 0 -294 97 197
1-4.png 0 0 -295 106 189
1-4_90.png 0 0 -295 106 189
1-4_180.png 0 0 -295 106 189
1-4_270.png 0 0 -295 106 189
1-4_fl.png 0 0 -295 106 189
1-6.png 0 0 -295 91 204
1-6_90.png 0 0 -295 91 204
1-6_180.png 0 0 -295 91 204
1-6_270.png 0 0 -295 91 204
1-6_fl.png 0 0 -295 91 204
1-8.png 0 0 -302 99 203
1-8_90.png 0 0 -302 99 203
1-8_180.png 0 0 -302 99 203
1-8_270.png 0 0 -302 99 203
1-8_fl.png 0 0 -302 99 203
1-10.png 0 0 -293 89 204
1-10_90.png 0 0 -293 89 204
1-10_180.png 0 0 -293 89 204
1-10_270.png 0 0 -293 89 204
1-10_fl.png 0 0 -293 89 204
1-11.png 0 0 -293 105 188
1-11_90.png 0 0 -293 105 188
1-11_180.png 0 0 -293 105 188
1-11_270.png 0 0 -293 105 188
1-11_fl.png 0 0 -293 105 188
1-12.png 0 0 -294 104 190
1-12_90.png 0 0 -294 104 190
1-12_180.png 0 0 -294 104 190
1-12_270.png 0 0 -294 104 190
1-12_fl.png 0 0 -294 104 190
1-14.png 0 0 -309 111 198
1-14_90.png 0 0 -309 111 198
1-14_180.png 0 0 -309 111 198
1-14_270.png 0 0 -309 111 198
1-14_fl.png 0 0 -309 111 198
1-15.png 0 0 -299 95 204
1-15_90.png 0 0 -299 95 204
1-15_180.png 0 0 -299 95 204
1-15_270.png 0 0 -299 95 204
1-15_fl.png 0 0 -299 95 204
3-1.png 10 0 -125 121 4
3-1_90.png 10 0 -125 121 4
3-1_180.png 10 0 -125 121 4
3-1_270.png 10 0 -125 121 4
3-1_fl.png 10 0 -125 121 4
3-2.png 10 0 -138 137 1
3-2_90.png 10 0 -138 137 1
3-2_180.png 10 0 -138 137 1
3-2_270.png 10 0 -138 137 1
3-2_fl.png 10 0 -138 137 1
3-5.png 10 0 -132 131 1
3-5_90.png 10 0 -132 131 1
3-5_180.png 10 0 -132 131 1
3-5_270.png 10 0 -132 131 1
3-5_fl.png 10 0 -132 131 1
3-6.png 10 0 -131 131 0
3-6_90.png 10 0 -131 131 0
3-6_180.png 10 0 -131 131 0
3-6_270.png 10 0 -131 131 0
3-6_fl.png 10 0 -131 131 0
3-7.png 10 0 -126 126 0
3-7_90.png 10 0 -126 126 0
3-7_180.png 10 0 -126 126 0
3-7_270.png 10 0 -126 126 0
3-7_fl.png 10 0 -126 126 0
3-8.png 10 0 -122 121 1
3-8_90.png 10 0 -122 121 1
3-8_180.png 10 0 -122 121 1
3-8_270.png 10 0 -122 121 1
3-8_fl.png 10 0 -122 121 1
3-9.png 10 0 -136 136 0
3-9_90.png 10 0 -136 136 0
3-9_180.png 10 0 -136 136 0
3-9_270.png 10 0 -136 136 0
3-9_fl.png 10 0 -136 136 0
3-12.png 10 0 -122 121 1
3-12_90.png 10 0 -122 121 1
3-12_180.png 10 0 -122 121 1
3-12_270.png 10 0 -122 121 1
3-12_fl.png 10 0 -122 121 1
3-13.png 10 0 -129 133 -4
3-13_90.png 10 0 -129 133 -4
3-13_180.png 10 0 -129 133 -4
3-13_270.png 10 0 -129 133 -4
3-13_fl.png 10 0 -129 133 -4
3-14.png 10 0 -129 133 -4
3-14_90.png 10 0 -129 133 -4
3-14_180.png 10 0 -129 133 -4
3-14_270.png 10 0 -129 133 -4
3-14_fl.png 10 0 -129 133 -4
4-3.png 15 0 -65 163 -98
4-3_90.png 15 0 -65 163 -98
4-3_180.png 15 0 -65 163 -98
4-3_270.png 15 0 -65 163 -98
4-3_fl.png 15 0 -65 163 -98
4-4.png 15 0 -52 158 -106
4-4_90.png 15 0 -52 158 -106
4-4_180.png 15 0 -52 158 -106
4-4_270.png 15 0 -52 158 -106
4-4_fl.png 15 0 -52 158 -106
4-5.png 15 0 -72 170 -98
4-5_90.png 15 0 -72 170 -98
4-5_180.png 15 0 -72 170 -98
4-5_270.png 15 0 -72 170 -98
4-5_fl.png 15 0 -72 170 -98
4-6.png 15 0 -77 164 -87
4-6_90.png 15 0 -77 164 -87
4-6_180.png 15 0 -77 164 -87
4-6_270.png 15 0 -77 164 -87
4-6_fl.png 15 0 -77 164 -87
4-7.png 15 0 -71 164 -93
4-7_90.png 15 0 -71 164 -93
4-7_180.png 15 0 -71 164 -93
4-7_270.png 15 0 -71 164 -93
4-7_fl.png 15 0 -71 164 -93
4-8.png 15 0 -62 161 -99
4-8_90.png 15 0 -62 161 -99
4-8_180.png 15 0 -62 161 -99
4-8_270.png 15 0 -62 161 -99
4-8_fl.png 15 0 -62 161 -99
4-9.png 15 0 -69 162 -93
4-9_90.png 15 0 -69 162 -93
4-9_180.png 15 0 -69 162 -93
4-9_270.png 15 0 -69 162 -93
4-9_fl.png 15 0 -69 162 -93
4-10.png 15 0 -60 150 -90
4-10_90.png 15 0 -60 150 -90
4-10_180.png 15 0 -60 150 -90
4-10_270.png 15 0 -60 150 -90
4-10_fl.png 15 0 -60 150 -90
4-13.png 15 0 -65 159 -94
4-13_90.png 15 0 -65 159 -94
4-13_180.png 15 0 -65 159 -94
4-13_270.png 15 0 -65 159 -94
4-13_fl.png 15 0 -65 159 -94
4-15.png 15 0 -66 165 -99
4-15_90.png 15 0 -66 165 -99
4-15_180.png 15 0 -66 165 -99
4-15_270.png 15 0 -66 165 -99
4-15_fl.png 15 0 -66 165 -99
5-2.png 20 0 8 190 -198
5-2_90.png 20 0 8 190 -198
5-2_180.png 20 0 8 190 -198
5-2_270.png 20 0 8 190 -198
5-2_fl.png 20 0 8 190 -198
5-3.png 20 0 10 187 -197
5-3_90.png 20 0 10 187 -197
5-3_180.png 20 0 10 187 -197
5-3_270.png 20 0 10 187 -197
5-3_fl.png 20 0 10 187 -197
5-5.png 20 0 14 188 -202
5-5_90.png 20 0 14 188 -202
5-5_180.png 20 0 14 188 -202
5-5_270.png 20 0 14 188 -202
5-5_fl.png 20 0 14 188 -202
5-8.png 20 0 -3 193 -190
5-8_90.png 20 0 -3 193 -190
5-8_180.png 20 0 -3 193 -190
5-8_270.png 20 0 -3 193 -190
5-8_fl.png 20 0 -3 193 -190
5-10.png 20 0 0 182 -182
5-10_90.png 20 0 0 182 -182
5-10_180.png 20 0 0 182 -182
5-10_270.png 20 0 0 182 -182
5-10_fl.png 20 0 0 182 -182
5-11.png 20 0 2 194 -196
5-11_90.png 20 0 2 194 -196
5-11_180.png 20 0 2 194 -196
5-11_270.png 20 0 2 194 -196
5-11_fl.png 20 0 2 194 -196
5-12.png 20 0 0 178 -178
5-12_90.png 20 0 0 178 -178
5-12_180.png 20 0 0 178 -178
5-12_270.png 20 0 0 178 -178
5-12_fl.png 20 0 0 178 -178
5-13.png 20 0 5 193 -198
5-13_90.png 20 0 5 193 -198
5-13_180.png 20 0 5 193 -198
5-13_270.png 20 0 5 193 -198
5-13_fl.png 20 0 5 193 -198
5-14.png 20 0 11 191 -202
5-14_90.png 20 0 11 191 -202
5-14_180.png 20 0 11 191 -202
5-14_270.png 20 0 11 191 -202
5-14_fl.png 20 0 11 191 -202
5-15.png 20 0 -4 193 -189
5-15_90.png 20 0 -4 193 -189
5-15_180.png 20 0 -4 193 -189
5-15_270.png 20 0 -4 193 -189
5-15_fl.png 20 0 -4 193 -189
6-2.png 0 5 -204 48 156
6-2_90.png 0 5 -204 48 156
6-2_180.png 0 5 -204 48 156
6-2_270.png 0 5 -204 48 156
6-2_fl.png 0 5 -204 48 156
6-3.png 0 5 -210 47 163
6-3_90.png 0 5 -210 47 163
6-3_180.png 0 5 -210 47 163
6-3_270.png 0 5 -210 47 163
6-3_fl.png 0 5 -210 47 163
6-4.png 0 5 -207 55 152
6-4_90.png 0 5 -207 55 152
6-4_180.png 0 5 -207 55 152
6-4_270.png 0 5 -207 55 152
6-4_fl.png 0 5 -207 55 152
6-5.png 0 5 -205 41 164
6-5_90.png 0 5 -205 41 164
6-5_180.png 0 5 -205 41 164
6-5_270.png 0 5 -205 41 164
6-5_fl.png 0 5 -205 41 164
6-6.png 0 5 -210 53 157
6-6_90.png 0 5 -210 53 157
6-6_180.png 0 5 -210 53 157
6-6_270.png 0 5 -210 53 157
6-6_fl.png 0 5 -210 53 157
6-8.png 0 5 -213 55 158
6-8_90.png 0 5 -213 55 158
6-8_180.png 0 5 -213 55 158
6-8_270.png 0 5 -213 55 158
6-8_fl.png 0 5 -213 55 158
6-9.png 0 5 -213 49 164
6-9_90.png 0 5 -213 49 164
6-9_180.png 0 5 -213 49 164
6-9_270.png 0 5 -213 49 164
6-9_fl.png 0 5 -213 49 164
6-10.png 0 5 -214 50 164
6-10_90.png 0 5 -214 50 164
6-10_180.png 0 5 -214 50 164
6-10_270.png 0 5 -214 50 164
6-10_fl.png 0 5 -214 50 164
6-13.png 0 5 -202 62 140
6-13_90.png 0 5 -202 62 140
6-13_180.png 0 5 -202 62 140
6-13_270.png 0 5 -202 62 140
6-13_fl.png 0 5 -202 62 140
6-15.png 0 5 -208 52 156
6-15_90.png 0 5 -208 52 156
6-15_180.png 0 5 -208 52 156
6-15_270.png 0 5 -208 52 156
6-15_fl.png 0 5 -208 52 156
7-1.png 5 5 -147 73 74
7-1_90.png 5 5 -147 73 74
7-1_180.png 5 5 -147 73 74
7-1_270.png 5 5 -147 73 74
7-1_fl.png 5 5 -147 73 74
7-5.png 5 5 -127 49 78
7-5_90.png 5 5 -127 49 78
7-5_180.png 5 5 -127 49 78
7-5_270.png 5 5 -127 49 78
7-5_fl.png 5 5 -127 49 78
7-6.png 5 5 -148 58 90
7-6_90.png 5 5 -148 58 90
7-6_180.png 5 5 -148 58 90
7-6_270.png 5 5 -148 58 90
7-6_fl.png 5 5 -148 58 90
7-7.png 5 5 -147 71 76
7-7_90.png 5 5 -147 71 76
7-7_180.png 5 5 -147 71 76
7-7_270.png 5 5 -147 71 76
7-7_fl.png 5 5 -147 71 76
7-8.png 5 5 -142 48 94
7-8_90.png 5 5 -142 48 94
7-8_180.png 5 5 -142 48 94
7-8_270.png 5 5 -142 48 94
7-8_fl.png 5 5 -142 48 94
7-10.png 5 5 -145 59 86
7-10_90.png 5 5 -145 59 86
7-10_180.png 5 5 -145 59 86
7-10_270.png 5 5 -145 59 86
7-10_fl.png 5 5 -145 59 86
7-11.png 5 5 -145 61 84
7-11_90.png 5 5 -145 61 84
7-11_180.png 5 5 -145 61 84
7-11_270.png 5 5 -145 61 84
7-11_fl.png 5 5 -145 61 84
7-12.png 5 5 -145 60 85
7-12_90.png 5 5 -145 60 85
7-12_180.png 5 5 -145 60 85
7-12_270.png 5 5 -145 60 85
7-12_fl.png 5 5 -145 60 85
7-13.png 5 5 -145 58 87
7-13_90.png 5 5 -145 58 87
7-13_180.png 5 5 -145 58 87
7-13_270.png 5 5 -145 58 87
7-13_fl.png 5 5 -145 58 87
7-15.png 5 5 -145 60 85
7-15_90.png 5 5 -145 60 85
7-15_180.png 5 5 -145 60 85
7-15_270.png 5 5 -145 60 85
7-15_fl.png 5 5 -145 60 85
9-2.png 15 5 4 76 -80
9-2_90.png 15 5 4 76 -80
9-2_180.png 15 5 4 76 -80
9-2_270.png 15 5 4 76 -80
9-2_fl.png 15 5 4 76 -80
9-3.png 15 5 1 82 -83
9-3_90.png 15 5 1 82 -83
9-3_180.png 15 5 1 82 -83
9-3_270.png 15 5 1 82 -83
9-3_fl.png 15 5 1 82 -83
9-4.png 15 5 20 79 -99
9-4_90.png 15 5 20 79 -99
9-4_180.png 15 5 20 79 -99
9-4_270.png 15 5 20 79 -99
9-4_fl.png 15 5 20 79 -99
9-5.png 15 5 0 81 -81
9-5_90.png 15 5 0 81 -81
9-5_180.png 15 5 0 81 -81
9-5_270.png 15 5 0 81 -81
9-5_fl.png 15 5 0 81 -81
9-7.png 15 5 17 78 -95
9-7_90.png 15 5 17 78 -95
9-7_180.png 15 5 17 78 -95
9-7_270.png 15 5 17 78 -95
9-7_fl.png 15 5 17 78 -95
9-8.png 15 5 6 75 -81
9-8_90.png 15 5 6 75 -81
9-8_180.png 15 5 6 75 -81
9-8_270.png 15 5 6 75 -81
9-8_fl.png 15 5 6 75 -81
9-9.png 15 5 12 63 -75
9-9_90.png 15 5 12 63 -75
9-9_180.png 15 5 12 63 -75
9-9_270.png 15 5 12 63 -75
9-9_fl.png 15 5 12 63 -75
9-11.png 15 5 -2 82 -80
9-11_90.png 15 5 -2 82 -80
9-11_180.png 15 5 -2 82 -80
9-11_270.png 15 5 -2 82 -80
9-11_fl.png 15 5 -2 82 -80
9-12.png 15 5 -4 81 -77
9-12_90.png 15 5 -4 81 -77
9-12_180.png 15 5 -4 81 -77
9-12_270.png 15 5 -4 81 -77
9-12_fl.png 15 5 -4 81 -77
9-13.png 15 5 6 76 -82
9-13_90.png 15 5 6 76 -82
9-13_180.png 15 5 6 76 -82
9-13_270.png 15 5 6 76 -82
9-13_fl.png 15 5 6 76 -82
10-1.png 20 5 55 86 -141
10-1_90.png 20 5 55 86 -141
10-1_180.png 20 5 55 86 -141
10-1_270.png 20 5 55 86 -141
10-1_fl.png 20 5 55 86 -141
10-2.png 20 5 56 93 -149
10-2_90.png 20 5 56 93 -149
10-2_180.png 20 5 56 93 -149
10-2_270.png 20 5 56 93 -149
10-2_fl.png 20 5 56 93 -149
10-4.png 20 5 63 85 -148
10-4_90.png 20 5 63 85 -148
10-4_180.png 20 5 63 85 -148
10-4_270.png 20 5 63 85 -148
10-4_fl.png 20 5 63 85 -148
10-5.png 20 5 51 98 -149
10-5_90.png 20 5 51 98 -149
10-5_180.png 20 5 51 98 -149
10-5_270.png 20 5 51 98 -149
10-5_fl.png 20 5 51 98 -149
10-6.png 20 5 57 85 -142
10-6_90.png 20 5 57 85 -142
10-6_180.png 20 5 57 85 -142
10-6_270.png 20 5 57 85 -142
10-6_fl.png 20 5 57 85 -142
10-8.png 20 5 81 93 -174
10-8_90.png 20 5 81 93 -174
10-8_180.png 20 5 81 93 -174
10-8_270.png 20 5 81 93 -174
10-8_fl.png 20 5 81 93 -174
10-9.png 20 5 53 88 -141
10-9_90.png 20 5 53 88 -141
10-9_180.png 20 5 53 88 -141
10-9_270.png 20 5 53 88 -141
10-9_fl.png 20 5 53 88 -141
10-11.png 20 5 59 89 -148
10-11_90.png 20 5 59 89 -148
10-11_180.png 20 5 59 89 -148
10-11_270.png 20 5 59 89 -148
10-11_fl.png 20 5 59 89 -148
10-12.png 20 5 57 85 -142
10-12_90.png 20 5 57 85 -142
10-12_180.png 20 5 57 85 -142
10-12_270.png 20 5 57 85 -142
10-12_fl.png 20 5 57 85 -142
10-13.png 20 5 51 97 -148
10-13_90.png 20 5 51 97 -148
10-13_180.png 20 5 51 97 -148
10-13_270.png 20 5 51 97 -148
10-13_fl.png 20 5 51 97 -148
11-1.png 0 10 -130 12 118
11-1_90.png 0 10 -130 12 118
11-1_180.png 0 10 -130 12 118
11-1_270.png 0 10 -130 12 118
11-1_fl.png 0 10 -130 12 118
11-3.png 0 10 -132 -4 136
11-3_90.png 0 10 -132 -4 136
11-3_180.png 0 10 -132 -4 136
11-3_270.png 0 10 -132 -4 136
11-3_fl.png 0 10 -132 -4 136
11-4.png 0 10 -133 8 125
11-4_90.png 0 10 -133 8 125
11-4_180.png 0 10 -133 8 125
11-4_270.png 0 10 -133 8 125
11-4_fl.png 0 10 -133 8 125
11-6.png 0 10 -131 1 130
11-6_90.png 0 10 -131 1 130
11-6_180.png 0 10 -131 1 130
11-6_270.png 0 10 -131 1 130
11-6_fl.png 0 10 -131 1 130
11-8.png 0 10 -133 7 126
11-8_90.png 0 10 -133 7 126
11-8_180.png 0 10 -133 7 126
11-8_270.png 0 10 -133 7 126
11-8_fl.png 0 10 -133 7 126
11-9.png 0 10 -131 -1 132
11-9_90.png 0 10 -131 -1 132
11-9_180.png 0 10 -131 -1 132
11-9_270.png 0 10 -131 -1 132
11-9_fl.png 0 10 -131 -1 132
11-10.png 0 10 -133 9 124
11-10_90.png 0 10 -133 9 124
11-10_180.png 0 10 -133 9 124
11-10_270.png 0 10 -133 9 124
11-10_fl.png 0 10 -133 9 124
11-13.png 0 10 -117 12 105
11-13_90.png 0 10 -117 12 105
11-13_180.png 0 10 -117 12 105
11-13_270.png 0 10 -117 12 105
11-13_fl.png 0 10 -117 12 105
11-14.png 0 10 -106 1 105
11-14_90.png 0 10 -106 1 105
11-14_180.png 0 10 -106 1 105
11-14_270.png 0 10 -106 1 105
11-14_fl.png 0 10 -106 1 105
11-15.png 0 10 -131 -2 133
11-15_90.png 0 10 -131 -2 133
11-15_180.png 0 10 -131 -2 133
11-15_270.png 0 10 -131 -2 133
11-15_fl.png 0 10 -131 -2 133
13-1.png 10 10 -1 0 1
13-1_90.png 10 10 -1 0 1
13-1_180.png 10 10 -1 0 1
13-1_270.png 10 10 -1 0 1
13-1_fl.png 10 10 -1 0 1
13-3.png 10 10 -1 -1 2
13-3_90.png 10 10 -1 -1 2
13-3_180.png 10 10 -1 -1 2
13-3_270.png 10 10 -1 -1 2
13-3_fl.png 10 10 -1 -1 2
13-4.png 10 10 -2 0 2
13-4_90.png 10 10 -2 0 2
13-4_180.png 10 10 -2 0 2
13-4_270.png 10 10 -2 0 2
13-4_fl.png 10 10 -2 0 2
13-5.png 10 10 8 -2 -6
13-5_90.png 10 10 8 -2 -6
13-5_180.png 10 10 8 -2 -6
13-5_270.png 10 10 8 -2 -6
13-5_fl.png 10 10 8 -2 -6
13-6.png 10 10 4 -4 0
13-6_90.png 10 10 4 -4 0
13-6_180.png 10 10 4 -4 0
13-6_270.png 10 10 4 -4 0
13-6_fl.png 10 10 4 -4 0
13-7.png 10 10 -4 3 1
13-7_90.png 10 10 -4 3 1
13-7_180.png 10 10 -4 3 1
13-7_270.png 10 10 -4 3 1
13-7_fl.png 10 10 -4 3 1
13-10.png 10 10 -2 2 0
13-10_90.png 10 10 -2 2 0
13-10_180.png 10 10 -2 2 0
13-10_270.png 10 10 -2 2 0
13-10_fl.png 10 10 -2 2 0
13-11.png 10 10 0 -7 7
13-11_90.png 10 10 0 -7 7
13-11_180.png 10 10 0 -7 7
13-11_270.png 10 10 0 -7 7
13-11_fl.png 10 10 0 -7 7
13-12.png 10 10 2 0 -2
13-12_90.png 10 10 2 0 -2
13-12_180.png 10 10 2 0 -2
13-12_270.png 10 10 2 0 -2
13-12_fl.png 10 10 2 0 -2
13-14.png 10 10 -1 0 1
13-14_90.png 10 10 -1 0 1
13-14_180.png 10 10 -1 0 1
13-14_270.png 10 10 -1 0 1
13-14_fl.png 10 10 -1 0 1
15-1.png 20 10 72 -1 -71
15-1_90.png 20 10 72 -1 -71
15-1_180.png 20 10 72 -1 -71
15-1_270.png 20 10 72 -1 -71
15-1_fl.png 20 10 72 -1 -71
15-3.png 20 10 132 0 -132
15-3_90.png 20 10 132 0 -132
15-3_180.png 20 10 132 0 -132
15-3_270.png 20 10 132 0 -132
15-3_fl.png 20 10 132 0 -132
15-5.png 20 10 135 0 -135
15-5_90.png 20 10 135 0 -135
15-5_180.png 20 10 135 0 -135
15-5_270.png 20 10 135 0 -135
15-5_fl.png 20 10 135 0 -135
15-6.png 20 10 138 -7 -131
15-6_90.png 20 10 138 -7 -131
15-6_180.png 20 10 138 -7 -131
15-6_270.png 20 10 138 -7 -131
15-6_fl.png 20 10 138 -7 -131
15-7.png 20 10 132 0 -132
15-7_90.png 20 10 132 0 -132
15-7_180.png 20 10 132 0 -132
15-7_270.png 20 10 132 0 -132
15-7_fl.png 20 10 132 0 -132
15-8.png 20 10 132 0 -132
15-8_90.png 20 10 132 0 -132
15-8_180.png 20 10 132 0 -132
15-8_270.png 20 10 132 0 -132
15-8_fl.png 20 10 132 0 -132
15-11.png 20 10 118 -2 -116
15-11_90.png 20 10 118 -2 -116
15-11_180.png 20 10 118 -2 -116
15-11_270.png 20 10 118 -2 -116
15-11_fl.png 20 10 118 -2 -116
15-12.png 20 10 129 0 -129
15-12_90.png 20 10 129 0 -129
15-12_180.png 20 10 129 0 -129
15-12_270.png 20 10 129 0 -129
15-12_fl.png 20 10 129 0 -129
15-13.png 20 10 133 0 -133
15-13_90.png 20 10 133 0 -133
15-13_180.png 20 10 133 0 -133
15-13_270.png 20 10 133 0 -133
15-13_fl.png 20 10 133 0 -133
15-15.png 20 10 139 0 -139
15-15_90.png 20 10 139 0 -139
15-15_180.png 20 10 139 0 -139
15-15_270.png 20 10 139 0 -139
15-15_fl.png 20 10 139 0 -139
17-1.png 5 15 -2 -49 51
17-1_90.png 5 15 -2 -49 51
17-1_180.png 5 15 -2 -49 51
17-1_270.png 5 15 -2 -49 51
17-1_fl.png 5 15 -2 -49 51
17-2.png 5 15 -2 -51 53
17-2_90.png 5 15 -2 -51 53
17-2_180.png 5 15 -2 -51 53
17-2_270.png 5 15 -2 -51 53
17-2_fl.png 5 15 -2 -51 53
17-3.png 5 15 8 -41 33
17-3_90.png 5 15 8 -41 33
17-3_180.png 5 15 8 -41 33
17-3_270.png 5 15 8 -41 33
17-3_fl.png 5 15 8 -41 33
17-4.png 5 15 0 -59 59
17-4_90.png 5 15 0 -59 59
17-4_180.png 5 15 0 -59 59
17-4_270.png 5 15 0 -59 59
17-4_fl.png 5 15 0 -59 59
17-6.png 5 15 1 -49 48
17-6_90.png 5 15 1 -49 48
17-6_180.png 5 15 1 -49 48
17-6_270.png 5 15 1 -49 48
17-6_fl.png 5 15 1 -49 48
17-8.png 5 15 3 -61 58
17-8_90.png 5 15 3 -61 58
17-8_180.png 5 15 3 -61 58
17-8_270.png 5 15 3 -61 58
17-8_fl.png 5 15 3 -61 58
17-9.png 5 15 19 -61 42
17-9_90.png 5 15 19 -61 42
17-9_180.png 5 15 19 -61 42
17-9_270.png 5 15 19 -61 42
17-9_fl.png 5 15 19 -61 42
17-11.png 5 15 0 -53 53
17-11_90.png 5 15 0 -53 53
17-11_180.png 5 15 0 -53 53
17-11_270.png 5 15 0 -53 53
17-11_fl.png 5 15 0 -53 53
17-12.png 5 15 -1 -53 54
17-12_90.png 5 15 -1 -53 54
17-12_180.png 5 15 -1 -53 54
17-12_270.png 5 15 -1 -53 54
17-12_fl.png 5 15 -1 -53 54
17-13.png 5 15 0 -54 54
17-13_90.png 5 15 0 -54 54
17-13_180.png 5 15 0 -54 54
17-13_270.png 5 15 0 -54 54
17-13_fl.png 5 15 0 -54 54
18-1.png 10 15 79 -69 -10
18-1_90.png 10 15 79 -69 -10
18-1_180.png 10 15 79 -69 -10
18-1_270.png 10 15 79 -69 -10
18-1_fl.png 10 15 79 -69 -10
18-2.png 10 15 68 -68 0
18-2_90.png 10 15 68 -68 0
18-2_180.png 10 15 68 -68 0
18-2_270.png 10 15 68 -68 0
18-2_fl.png 10 15 68 -68 0
18-3.png 10 15 74 -62 -12
18-3_90.png 10 15 74 -62 -12
18-3_180.png 10 15 74 -62 -12
18-3_270.png 10 15 74 -62 -12
18-3_fl.png 10 15 74 -62 -12
18-4.png 10 15 74 -62 -12
18-4_90.png 10 15 74 -62 -12
18-4_180.png 10 15 74 -62 -12
18-4_270.png 10 15 74 -62 -12
18-4_fl.png 10 15 74 -62 -12
18-7.png 10 15 84 -70 -14
18-7_90.png 10 15 84 -70 -14
18-7_180.png 10 15 84 -70 -14
18-7_270.png 10 15 84 -70 -14
18-7_fl.png 10 15 84 -70 -14
18-8.png 10 15 74 -60 -14
18-8_90.png 10 15 74 -60 -14
18-8_180.png 10 15 74 -60 -14
18-8_270.png 10 15 74 -60 -14
18-8_fl.png 10 15 74 -60 -14
18-10.png 10 15 70 -70 0
18-10_90.png 10 15 70 -70 0
18-10_180.png 10 15 70 -70 0
18-10_270.png 10 15 70 -70 0
18-10_fl.png 10 15 70 -70 0
18-12.png 10 15 76 -76 0
18-12_90.png 10 15 76 -76 0
18-12_180.png 10 15 76 -76 0
18-12_270.png 10 15 76 -76 0
18-12_fl.png 10 15 76 -76 0
18-13.png 10 15 78 -61 -17
18-13_90.png 10 15 78 -61 -17
18-13_180.png 10 15 78 -61 -17
18-13_270.png 10 15 78 -61 -17
18-13_fl.png 10 15 78 -61 -17
18-15.png 10 15 68 -62 -6
18-15_90.png 10 15 68 -62 -6
18-15_180.png 10 15 68 -62 -6
18-15_270.png 10 15 68 -62 -6
18-15_fl.png 10 15 68 -62 -6
19-1.png 15 15 140 -84 -56
19-1_90.png 15 15 140 -84 -56
19-1_180.png 15 15 140 -84 -56
19-1_270.png 15 15 140 -84 -56
19-1_fl.png 15 15 140 -84 -56
19-3.png 15 15 140 -85 -55
19-3_90.png 15 15 140 -85 -55
19-3_180.png 15 15 140 -85 -55
19-3_270.png 15 15 140 -85 -55
19-3_fl.png 15 15 140 -85 -55
19-5.png 15 15 132 -75 -57
19-5_90.png 15 15 132 -75 -57
19-5_180.png 15 15 132 -75 -57
19-5_270.png 15 15 132 -75 -57
19-5_fl.png 15 15 132 -75 -57
19-8.png 15 15 141 -76 -65
19-8_90.png 15 15 141 -76 -65
19-8_180.png 15 15 141 -76 -65
19-8_270.png 15 15 141 -76 -65
19-8_fl.png 15 15 141 -76 -65
19-9.png 15 15 142 -90 -52
19-9_90.png 15 15 142 -90 -52
19-9_180.png 15 15 142 -90 -52
19-9_270.png 15 15 142 -90 -52
19-9_fl.png 15 15 142 -90 -52
19-10.png 15 15 140 -78 -62
19-10_90.png 15 15 140 -78 -62
19-10_180.png 15 15 140 -78 -62
19-10_270.png 15 15 140 -78 -62
19-10_fl.png 15 15 140 -78 -62
19-11.png 15 15 141 -74 -67
19-11_90.png 15 15 141 -74 -67
19-11_180.png 15 15 141 -74 -67
19-11_270.png 15 15 141 -74 -67
19-11_fl.png 15 15 141 -74 -67
19-12.png 15 15 134 -76 -58
19-12_90.png 15 15 134 -76 -58
19-12_180.png 15 15 134 -76 -58
19-12_270.png 15 15 134 -76 -58
19-12_fl.png 15 15 134 -76 -58
19-13.png 15 15 142 -77 -65
19-13_90.png 15 15 142 -77 -65
19-13_180.png 15 15 142 -77 -65
19-13_270.png 15 15 142 -77 -65
19-13_fl.png 15 15 142 -77 -65
19-14.png 15 15 145 -89 -56
19-14_90.png 15 15 145 -89 -56
19-14_180.png 15 15 145 -89 -56
19-14_270.png 15 15 145 -89 -56
19-14_fl.png 15 15 145 -89 -56
20-2.png 20 15 205 -109 -96
20-2_90.png 20 15 205 -109 -96
20-2_180.png 20 15 205 -109 -96
20-2_270.png 20 15 205 -109 -96
20-2_fl.png 20 15 205 -109 -96
20-3.png 20 15 205 -109 -96
20-3_90.png 20 15 205 -109 -96
20-3_180.png 20 15 205 -109 -96
20-3_270.png 20 15 205 -109 -96
20-3_fl.png 20 15 205 -109 -96
20-5.png 20 15 204 -110 -94
20-5_90.png 20 15 204 -110 -94
20-5_180.png 20 15 204 -110 -94
20-5_270.png 20 15 204 -110 -94
20-5_fl.png 20 15 204 -110 -94
20-6.png 20 15 205 -111 -94
20-6_90.png 20 15 205 -111 -94
20-6_180.png 20 15 205 -111 -94
20-6_270.png 20 15 205 -111 -94
20-6_fl.png 20 15 205 -111 -94
20-8.png 20 15 205 -93 -112
20-8_90.png 20 15 205 -93 -112
20-8_180.png 20 15 205 -93 -112
20-8_270.png 20 15 205 -93 -112
20-8_fl.png 20 15 205 -93 -112
20-9.png 20 15 206 -94 -112
20-9_90.png 20 15 206 -94 -112
20-9_180.png 20 15 206 -94 -112
20-9_270.png 20 15 206 -94 -112
20-9_fl.png 20 15 206 -94 -112
20-11.png 20 15 199 -116 -83
20-11_90.png 20 15 199 -116 -83
20-11_180.png 20 15 199 -116 -83
20-11_270.png 20 15 199 -116 -83
20-11_fl.png 20 15 199 -116 -83
20-13.png 20 15 212 -94 -118
20-13_90.png 20 15 212 -94 -118
20-13_180.png 20 15 212 -94 -118
20-13_270.png 20 15 212 -94 -118
20-13_fl.png 20 15 212 -94 -118
20-14.png 20 15 205 -95 -110
20-14_90.png 20 15 205 -95 -110
20-14_180.png 20 15 205 -95 -110
20-14_270.png 20 15 205 -95 -110
20-14_fl.png 20 15 205 -95 -110
20-15.png 20 15 210 -113 -97
20-15_90.png 20 15 210 -113 -97
20-15_180.png 20 15 210 -113 -97
20-15_270.png 20 15 210 -113 -97
20-15_fl.png 20 15 210 -113 -97
21-2.png 0 20 -8 -73 81
21-2_90.png 0 20 -8 -73 81
21-2_180.png 0 20 -8 -73 81
21-2_270.png 0 20 -8 -73 81
21-2_fl.png 0 20 -8 -73 81
21-3.png 0 20 -4 -92 96
21-3_90.png 0 20 -4 -92 96
21-3_180.png 0 20 -4 -92 96
21-3_270.png 0 20 -4 -92 96
21-3_fl.png 0 20 -4 -92 96
21-4.png 0 20 -12 -74 86
21-4_90.png 0 20 -12 -74 86
21-4_180.png 0 20 -12 -74 86
21-4_270.png 0 20 -12 -74 86
21-4_fl.png 0 20 -12 -74 86
21-5.png 0 20 -6 -87 93
21-5_90.png 0 20 -6 -87 93
21-5_180.png 0 20 -6 -87 93
21-5_270.png 0 20 -6 -87 93
21-5_fl.png 0 20 -6 -87 93
21-6.png 0 20 1 -99 98
21-6_90.png 0 20 1 -99 98
21-6_180.png 0 20 1 -99 98
21-6_270.png 0 20 1 -99 98
21-6_fl.png 0 20 1 -99 98
21-8.png 0 20 -3 -91 94
21-8_90.png 0 20 -3 -91 94
21-8_180.png 0 20 -3 -91 94
21-8_270.png 0 20 -3 -91 94
21-8_fl.png 0 20 -3 -91 94
21-9.png 0 20 0 -100 100
21-9_90.png 0 20 0 -100 100
21-9_180.png 0 20 0 -100 100
21-9_270.png 0 20 0 -100 100
21-9_fl.png 0 20 0 -100 100
21-10.png 0 20 -3 -81 84
21-10_90.png 0 20 -3 -81 84
21-10_180.png 0 20 -3 -81 84
21-10_270.png 0 20 -3 -81 84
21-10_fl.png 0 20 -3 -81 84
21-12.png 0 20 -4 -88 92
21-12_90.png 0 20 -4 -88 92
21-12_180.png 0 20 -4 -88 92
21-12_270.png 0 20 -4 -88 92
21-12_fl.png 0 20 -4 -88 92
21-15.png 0 20 -7 -70 77
21-15_90.png 0 20 -7 -70 77
21-15_180.png 0 20 -7 -70 77
21-15_270.png 0 20 -7 -70 77
21-15_fl.png 0 20 -7 -70 77
22-2.png 5 20 54 -102 48
22-2_90.png 5 20 54 -102 48
22-2_180.png 5 20 54 -102 48
22-2_270.png 5 20 54 -102 48
22-2_fl.png 5 20 54 -102 48
22-3.png 5 20 46 -91 45
22-3_90.png 5 20 46 -91 45
22-3_180.png 5 20 46 -91 45
22-3_270.png 5 20 46 -91 45
22-3_fl.png 5 20 46 -91 45
22-4.png 5 20 50 -93 43
22-4_90.png 5 20 50 -93 43
22-4_180.png 5 20 50 -93 43
22-4_270.png 5 20 50 -93 43
22-4_fl.png 5 20 50 -93 43
22-7.png 5 20 52 -109 57
22-7_90.png 5 20 52 -109 57
22-7_180.png 5 20 52 -109 57
22-7_270.png 5 20 52 -109 57
22-7_fl.png 5 20 52 -109 57
22-8.png 5 20 53 -94 41
22-8_90.png 5 20 53 -94 41
22-8_180.png 5 20 53 -94 41
22-8_270.png 5 20 53 -94 41
22-8_fl.png 5 20 53 -94 41
22-9.png 5 20 53 -113 60
22-9_90.png 5 20 53 -113 60
22-9_180.png 5 20 53 -113 60
22-9_270.png 5 20 53 -113 60
22-9_fl.png 5 20 53 -113 60
22-10.png 5 20 54 -98 44
22-10_90.png 5 20 54 -98 44
22-10_180.png 5 20 54 -98 44
22-10_270.png 5 20 54 -98 44
22-10_fl.png 5 20 54 -98 44
22-11.png 5 20 53 -94 41
22-11_90.png 5 20 53 -94 41
22-11_180.png 5 20 53 -94 41
22-11_270.png 5 20 53 -94 41
22-11_fl.png 5 20 53 -94 41
22-12.png 5 20 53 -106 53
22-12_90.png 5 20 53 -106 53
22-12_180.png 5 20 53 -106 53
22-12_270.png 5 20 53 -106 53
22-12_fl.png 5 20 53 -106 53
22-15.png 5 20 53 -94 41
22-15_90.png 5 20 53 -94 41
22-15_180.png 5 20 53 -94 41
22-15_270.png 5 20 53 -94 41
22-15_fl.png 5 20 53 -94 41
24-1.png 15 20 199 -155 -44
24-1_90.png 15 20 199 -155 -44
24-1_180.png 15 20 199 -155 -44
24-1_270.png 15 20 199 -155 -44
24-1_fl.png 15 20 199 -155 -44
24-2.png 15 20 198 -157 -41
24-2_90.png 15 20 198 -157 -41
24-2_180.png 15 20 198 -157 -41
24-2_270.png 15 20 198 -157 -41
24-2_fl.png 15 20 198 -157 -41
24-3.png 15 20 205 -162 -43
24-3_90.png 15 20 205 -162 -43
24-3_180.png 15 20 205 -162 -43
24-3_270.png 15 20 205 -162 -43
24-3_fl.png 15 20 205 -162 -43
24-4.png 15 20 205 -158 -47
24-4_90.png 15 20 205 -158 -47
24-4_180.png 15 20 205 -158 -47
24-4_270.png 15 20 205 -158 -47
24-4_fl.png 15 20 205 -158 -47
24-5.png 15 20 197 -157 -40
24-5_90.png 15 20 197 -157 -40
24-5_180.png 15 20 197 -157 -40
24-5_270.png 15 20 197 -157 -40
24-5_fl.png 15 20 197 -157 -40
24-6.png 15 20 205 -157 -48
24-6_90.png 15 20 205 -157 -48
24-6_180.png 15 20 205 -157 -48
24-6_270.png 15 20 205 -157 -48
24-6_fl.png 15 20 205 -157 -48
24-8.png 15 20 203 -164 -39
24-8_90.png 15 20 203 -164 -39
24-8_180.png 15 20 203 -164 -39
24-8_270.png 15 20 203 -164 -39
24-8_fl.png 15 20 203 -164 -39
24-9.png 15 20 196 -156 -40
24-9_90.png 15 20 196 -156 -40
24-9_180.png 15 20 196 -156 -40
24-9_270.png 15 20 196 -156 -40
24-9_fl.png 15 20 196 -156 -40
24-11.png 15 20 198 -155 -43
24-11_90.png 15 20 198 -155 -43
24-11_180.png 15 20 198 -155 -43
24-11_270.png 15 20 198 -155 -43
24-11_fl.png 15 20 198 -155 -43
24-14.png 15 20 199 -158 -41
24-14_90.png 15 20 199 -158 -41
24-14_180.png 15 20 199 -158 -41
24-14_270.png 15 20 199 -158 -41
24-14_fl.png 15 20 199 -158 -41
25-2.png 20 20 274 -194 -80
25-2_90.png 20 20 274 -194 -80
25-2_180.png 20 20 274 -194 -80
25-2_270.png 20 20 274 -194 -80
25-2_fl.png 20 20 274 -194 -80
25-3.png 20 20 277 -197 -80
25-3_90.png 20 20 277 -197 -80
25-3_180.png 20 20 277 -197 -80
25-3_270.png 20 20 277 -197 -80
25-3_fl.png 20 20 277 -197 -80
25-4.png 20 20 274 -198 -76
25-4_90.png 20 20 274 -198 -76
25-4_180.png 20 20 274 -198 -76
25-4_270.png 20 20 274 -198 -76
25-4_fl.png 20 20 274 -198 -76
25-6.png 20 20 290 -196 -94
25-6_90.png 20 20 290 -196 -94
25-6_180.png 20 20 290 -196 -94
25-6_270.png 20 20 290 -196 -94
25-6_fl.png 20 20 290 -196 -94
25-7.png 20 20 282 -197 -85
25-7_90.png 20 20 282 -197 -85
25-7_180.png 20 20 282 -197 -85
25-7_270.png 20 20 282 -197 -85
25-7_fl.png 20 20 282 -197 -85
25-8.png 20 20 293 -190 -103
25-8_90.png 20 20 293 -190 -103
25-8_180.png 20 20 293 -190 -103
25-8_270.png 20 20 293 -190 -103
25-8_fl.png 20 20 293 -190 -103
25-9.png 20 20 285 -196 -89
25-9_90.png 20 20 285 -196 -89
25-9_180.png 20 20 285 -196 -89
25-9_270.png 20 20 285 -196 -89
25-9_fl.png 20 20 285 -196 -89
25-11.png 20 20 275 -195 -80
25-11_90.png 20 20 275 -195 -80
25-11_180.png 20 20 275 -195 -80
25-11_270.png 20 20 275 -195 -80
25-11_fl.png 20 20 275 -195 -80
25-12.png 20 20 276 -188 -88
25-12_90.png 20 20 276 -188 -88
25-12_180.png 20 20 276 -188 -88
25-12_270.png 20 20 276 -188 -88
25-12_fl.png 20 20 276 -188 -88
25-15.png 20 20 286 -197 -89
25-15_90.png 20 20 286 -197 -89
25-15_180.png 20 20 286 -197 -89
25-15_270.png 20 20 286 -197 -89
25-15_fl.png 20 20 286 -197 -89
