1-1.png 0 0 -288 90 198
1-1_90.png 0 0 -288 90 198
1-1_180.png 0 0 -288 90 198
1-1_270.png 0 0 -288 90 198
1-1_fl.png 0 0 -288 90 198
1-2.png 0 0 -294 105 189
1-2_90.png 0 0 -294 105 189
1-2_180.png 0 0 -294 105 189
1-2_270.png 0 0 -294 105 189
1-2_fl.png 0 0 -294 105 189
1-3.png 0 0 -294 97 197
1-3_90.png 0 0 -294 97 197
1-3_180.png 0 0 -294 97 197
1-3_270.png 0 0 -294 97 197
1-3_fl.png 0 0 -294 97 197
1-4.png 0 0 -295 106 189
1-4_90.png 0 0 -295 106 189
1-4_180.png 0 0 -295 106 189
1-4_270.png 0 0 -295 106 189
1-4_fl.png 0 0 -295 106 189
1-5.png 0 0 -293 88 205
1-5_90.png 0 0 -293 88 205
1-5_180.png 0 0 -293 88 205
1-5_270.png 0 0 -293 88 205
1-5_fl.png 0 0 -293 88 205
1-6.png 0 0 -295 91 204
1-6_90.png 0 0 -295 91 204
1-6_180.png 0 0 -295 91 204
1-6_270.png 0 0 -295 91 204
1-6_fl.png 0 0 -295 91 204
1-7.png 0 0 -292 96 196
1-7_90.png 0 0 -292 96 196
1-7_180.png 0 0 -292 96 196
1-7_270.png 0 0 -292 96 196
1-7_fl.png 0 0 -292 96 196
1-8.png 0 0 -302 99 203
1-8_90.png 0 0 -302 99 203
1-8_180.png 0 0 -302 99 203
1-8_270.png 0 0 -302 99 203
1-8_fl.png 0 0 -302 99 203
1-9.png 0 0 -293 105 188
1-9_90.png 0 0 -293 105 188
1-9_180.png 0 0 -293 105 188
1-9_270.png 0 0 -293 105 188
1-9_fl.png 0 0 -293 105 188
1-10.png 0 0 -293 89 204
1-10_90.png 0 0 -293 89 204
1-10_180.png 0 0 -293 89 204
1-10_270.png 0 0 -293 89 204
1-10_fl.png 0 0 -293 89 204
1-11.png 0 0 -293 105 188
1-11_90.png 0 0 -293 105 188
1-11_180.png 0 0 -293 105 188
1-11_270.png 0 0 -293 105 188
1-11_fl.png 0 0 -293 105 188
1-12.png 0 0 -294 104 190
1-12_90.png 0 0 -294 104 190
1-12_180.png 0 0 -294 104 190
1-12_270.png 0 0 -294 104 190
1-12_fl.png 0 0 -294 104 190
1-13.png 0 0 -286 98 188
1-13_90.png 0 0 -286 98 188
1-13_180.png 0 0 -286 98 188
1-13_270.png 0 0 -286 98 188
1-13_fl.png 0 0 -286 98 188
1-14.png 0 0 -309 111 198
1-14_90.png 0 0 -309 111 198
1-14_180.png 0 0 -309 111 198
1-14_270.png 0 0 -309 111 198
1-14_fl.png 0 0 -309 111 198
1-15.png 0 0 -299 95 204
1-15_90.png 0 0 -299 95 204
1-15_180.png 0 0 -299 95 204
1-15_270.png 0 0 -299 95 204
1-15_fl.png 0 0 -299 95 204
2-1.png 5 0 -206 104 102
2-1_90.png 5 0 -206 104 102
2-1_180.png 5 0 -206 104 102
2-1_270.png 5 0 -206 104 102
2-1_fl.png 5 0 -206 104 102
2-2.png 5 0 -205 90 115
2-2_90.png 5 0 -205 90 115
2-2_180.png 5 0 -205 90 115
2-2_270.png 5 0 -205 90 115
2-2_fl.png 5 0 -205 90 115
2-3.png 5 0 -213 97 116
2-3_90.png 5 0 -213 97 116
2-3_180.png 5 0 -213 97 116
2-3_270.png 5 0 -213 97 116
2-3_fl.png 5 0 -213 97 116
2-4.png 5 0 -210 96 114
2-4_90.png 5 0 -210 96 114
2-4_180.png 5 0 -210 96 114
2-4_270.png 5 0 -210 96 114
2-4_fl.png 5 0 -210 96 114
2-5.png 5 0 -221 106 115
2-5_90.png 5 0 -221 106 115
2-5_180.png 5 0 -221 106 115
2-5_270.png 5 0 -221 106 115
2-5_fl.png 5 0 -221 106 115
2-6.png 5 0 -214 106 108
2-6_90.png 5 0 -214 106 108
2-6_180.png 5 0 -214 106 108
2-6_270.png 5 0 -214 106 108
2-6_fl.png 5 0 -214 106 108
2-7.png 5 0 -214 103 111
2-7_90.png 5 0 -214 103 111
2-7_180.png 5 0 -214 103 111
2-7_270.png 5 0 -214 103 111
2-7_fl.png 5 0 -214 103 111
2-8.png 5 0 -214 106 108
2-8_90.png 5 0 -214 106 108
2-8_180.png 5 0 -214 106 108
2-8_270.png 5 0 -214 106 108
2-8_fl.png 5 0 -214 106 108
2-9.png 5 0 -214 106 108
2-9_90.png 5 0 -214 106 108
2-9_180.png 5 0 -214 106 108
2-9_270.png 5 0 -214 106 108
2-9_fl.png 5 0 -214 106 108
2-10.png 5 0 -218 108 110
2-10_90.png 5 0 -218 108 110
2-10_180.png 5 0 -218 108 110
2-10_270.png 5 0 -218 108 110
2-10_fl.png 5 0 -218 108 110
2-11.png 5 0 -206 98 108
2-11_90.png 5 0 -206 98 108
2-11_180.png 5 0 -206 98 108
2-11_270.png 5 0 -206 98 108
2-11_fl.png 5 0 -206 98 108
2-12.png 5 0 -206 97 109
2-12_90.png 5 0 -206 97 109
2-12_180.png 5 0 -206 97 109
2-12_270.png 5 0 -206 97 109
2-12_fl.png 5 0 -206 97 109
2-13.png 5 0 -217 102 115
2-13_90.png 5 0 -217 102 115
2-13_180.png 5 0 -217 102 115
2-13_270.png 5 0 -217 102 115
2-13_fl.png 5 0 -217 102 115
2-14.png 5 0 -216 102 114
2-14_90.png 5 0 -216 102 114
2-14_180.png 5 0 -216 102 114
2-14_270.png 5 0 -216 102 114
2-14_fl.png 5 0 -216 102 114
2-15.png 5 0 -219 105 114
2-15_90.png 5 0 -219 105 114
2-15_180.png 5 0 -219 105 114
2-15_270.png 5 0 -219 105 114
2-15_fl.png 5 0 -219 105 114
4-1.png 15 0 -43 140 -97
4-1_90.png 15 0 -43 140 -97
4-1_180.png 15 0 -43 140 -97
4-1_270.png 15 0 -43 140 -97
4-1_fl.png 15 0 -43 140 -97
4-2.png 15 0 -66 159 -93
4-2_90.png 15 0 -66 159 -93
4-2_180.png 15 0 -66 159 -93
4-2_270.png 15 0 -66 159 -93
4-2_fl.png 15 0 -66 159 -93
4-3.png 15 0 -65 163 -98
4-3_90.png 15 0 -65 163 -98
4-3_180.png 15 0 -65 163 -98
4-3_270.png 15 0 -65 163 -98
4-3_fl.png 15 0 -65 163 -98
4-4.png 15 0 -52 158 -106
4-4_90.png 15 0 -52 158 -106
4-4_180.png 15 0 -52 158 -106
4-4_270.png 15 0 -52 158 -106
4-4_fl.png 15 0 -52 158 -106
4-5.png 15 0 -72 170 -98
4-5_90.png 15 0 -72 170 -98
4-5_180.png 15 0 -72 170 -98
4-5_270.png 15 0 -72 170 -98
4-5_fl.png 15 0 -72 170 -98
4-6.png 15 0 -77 164 -87
4-6_90.png 15 0 -77 164 -87
4-6_180.png 15 0 -77 164 -87
4-6_270.png 15 0 -77 164 -87
4-6_fl.png 15 0 -77 164 -87
4-7.png 15 0 -71 164 -93
4-7_90.png 15 0 -71 164 -93
4-7_180.png 15 0 -71 164 -93
4-7_270.png 15 0 -71 164 -93
4-7_fl.png 15 0 -71 164 -93
4-8.png 15 0 -62 161 -99
4-8_90.png 15 0 -62 161 -99
4-8_180.png 15 0 -62 161 -99
4-8_270.png 15 0 -62 161 -99
4-8_fl.png 15 0 -62 161 -99
4-9.png 15 0 -69 162 -93
4-9_90.png 15 0 -69 162 -93
4-9_180.png 15 0 -69 162 -93
4-9_270.png 15 0 -69 162 -93
4-9_fl.png 15 0 -69 162 -93
4-10.png 15 0 -60 150 -90
4-10_90.png 15 0 -60 150 -90
4-10_180.png 15 0 -60 150 -90
4-10_270.png 15 0 -60 150 -90
4-10_fl.png 15 0 -60 150 -90
4-11.png 15 0 -63 165 -102
4-11_90.png 15 0 -63 165 -102
4-11_180.png 15 0 -63 165 -102
4-11_270.png 15 0 -63 165 -102
4-11_fl.png 15 0 -63 165 -102
4-12.png 15 0 -60 161 -101
4-12_90.png 15 0 -60 161 -101
4-12_180.png 15 0 -60 161 -101
4-12_270.png 15 0 -60 161 -101
4-12_fl.png 15 0 -60 161 -101
4-13.png 15 0 -65 159 -94
4-13_90.png 15 0 -65 159 -94
4-13_180.png 15 0 -65 159 -94
4-13_270.png 15 0 -65 159 -94
4-13_fl.png 15 0 -65 159 -94
4-14.png 15 0 -64 164 -100
4-14_90.png 15 0 -64 164 -100
4-14_180.png 15 0 -64 164 -100
4-14_270.png 15 0 -64 164 -100
4-14_fl.png 15 0 -64 164 -100
4-15.png 15 0 -66 165 -99
4-15_90.png 15 0 -66 165 -99
4-15_180.png 15 0 -66 165 -99
4-15_270.png 15 0 -66 165 -99
4-15_fl.png 15 0 -66 165 -99
5-1.png 20 0 7 182 -189
5-1_90.png 20 0 7 182 -189
5-1_180.png 20 0 7 182 -189
5-1_270.png 20 0 7 182 -189
5-1_fl.png 20 0 7 182 -189
5-2.png 20 0 8 190 -198
5-2_90.png 20 0 8 190 -198
5-2_180.png 20 0 8 190 -198
5-2_270.png 20 0 8 190 -198
5-2_fl.png 20 0 8 190 -198
5-3.png 20 0 10 187 -197
5-3_90.png 20 0 10 187 -197
5-3_180.png 20 0 10 187 -197
5-3_270.png 20 0 10 187 -197
5-3_fl.png 20 0 10 187 -197
5-4.png 20 0 -3 193 -190
5-4_90.png 20 0 -3 193 -190
5-4_180.png 20 0 -3 193 -190
5-4_270.png 20 0 -3 193 -190
5-4_fl.png 20 0 -3 193 -190
5-5.png 20 0 14 188 -202
5-5_90.png 20 0 14 188 -202
5-5_180.png 20 0 14 188 -202
5-5_270.png 20 0 14 188 -202
5-5_fl.png 20 0 14 188 -202
5-6.png 20 0 6 192 -198
5-6_90.png 20 0 6 192 -198
5-6_180.png 20 0 6 192 -198
5-6_270.png 20 0 6 192 -198
5-6_fl.png 20 0 6 192 -198
5-7.png 20 0 21 173 -194
5-7_90.png 20 0 21 173 -194
5-7_180.png 20 0 21 173 -194
5-7_270.png 20 0 21 173 -194
5-7_fl.png 20 0 21 173 -194
5-8.png 20 0 -3 193 -190
5-8_90.png 20 0 -3 193 -190
5-8_180.png 20 0 -3 193 -190
5-8_270.png 20 0 -3 193 -190
5-8_fl.png 20 0 -3 193 -190
5-9.png 20 0 -1 191 -190
5-9_90.png 20 0 -1 191 -190
5-9_180.png 20 0 -1 191 -190
5-9_270.png 20 0 -1 191 -190
5-9_fl.png 20 0 -1 191 -190
5-10.png 20 0 0 182 -182
5-10_90.png 20 0 0 182 -182
5-10_180.png 20 0 0 182 -182
5-10_270.png 20 0 0 182 -182
5-10_fl.png 20 0 0 182 -182
5-11.png 20 0 2 194 -196
5-11_90.png 20 0 2 194 -196
5-11_180.png 20 0 2 194 -196
5-11_270.png 20 0 2 194 -196
5-11_fl.png 20 0 2 194 -196
5-12.png 20 0 0 178 -178
5-12_90.png 20 0 0 178 -178
5-12_180.png 20 0 0 178 -178
5-12_270.png 20 0 0 178 -178
5-12_fl.png 20 0 0 178 -178
5-13.png 20 0 5 193 -198
5-13_90.png 20 0 5 193 -198
5-13_180.png 20 0 5 193 -198
5-13_270.png 20 0 5 193 -198
5-13_fl.png 20 0 5 193 -198
5-14.png 20 0 11 191 -202
5-14_90.png 20 0 11 191 -202
5-14_180.png 20 0 11 191 -202
5-14_270.png 20 0 11 191 -202
5-14_fl.png 20 0 11 191 -202
5-15.png 20 0 -4 193 -189
5-15_90.png 20 0 -4 193 -189
5-15_180.png 20 0 -4 193 -189
5-15_270.png 20 0 -4 193 -189
5-15_fl.png 20 0 -4 193 -189
6-1.png 0 5 -206 56 150
6-1_90.png 0 5 -206 56 150
6-1_180.png 0 5 -206 56 150
6-1_270.png 0 5 -206 56 150
6-1_fl.png 0 5 -206 56 150
6-2.png 0 5 -204 48 156
6-2_90.png 0 5 -204 48 156
6-2_180.png 0 5 -204 48 156
6-2_270.png 0 5 -204 48 156
6-2_fl.png 0 5 -204 48 156
6-3.png 0 5 -210 47 163
6-3_90.png 0 5 -210 47 163
6-3_180.png 0 5 -210 47 163
6-3_270.png 0 5 -210 47 163
6-3_fl.png 0 5 -210 47 163
6-4.png 0 5 -207 55 152
6-4_90.png 0 5 -207 55 152
6-4_180.png 0 5 -207 55 152
6-4_270.png 0 5 -207 55 152
6-4_fl.png 0 5 -207 55 152
6-5.png 0 5 -205 41 164
6-5_90.png 0 5 -205 41 164
6-5_180.png 0 5 -205 41 164
6-5_270.png 0 5 -205 41 164
6-5_fl.png 0 5 -205 41 164
6-6.png 0 5 -210 53 157
6-6_90.png 0 5 -210 53 157
6-6_180.png 0 5 -210 53 157
6-6_270.png 0 5 -210 53 157
6-6_fl.png 0 5 -210 53 157
6-7.png 0 5 -210 46 164
6-7_90.png 0 5 -210 46 164
6-7_180.png 0 5 -210 46 164
6-7_270.png 0 5 -210 46 164
6-7_fl.png 0 5 -210 46 164
6-8.png 0 5 -213 55 158
6-8_90.png 0 5 -213 55 158
6-8_180.png 0 5 -213 55 158
6-8_270.png 0 5 -213 55 158
6-8_fl.png 0 5 -213 55 158
6-9.png 0 5 -213 49 164
6-9_90.png 0 5 -213 49 164
6-9_180.png 0 5 -213 49 164
6-9_270.png 0 5 -213 49 164
6-9_fl.png 0 5 -213 49 164
6-10.png 0 5 -214 50 164
6-10_90.png 0 5 -214 50 164
6-10_180.png 0 5 -214 50 164
6-10_270.png 0 5 -214 50 164
6-10_fl.png 0 5 -214 50 164
6-11.png 0 5 -214 50 164
6-11_90.png 0 5 -214 50 164
6-11_180.png 0 5 -214 50 164
6-11_270.png 0 5 -214 50 164
6-11_fl.png 0 5 -214 50 164
6-12.png 0 5 -213 56 157
6-12_90.png 0 5 -213 56 157
6-12_180.png 0 5 -213 56 157
6-12_270.png 0 5 -213 56 157
6-12_fl.png 0 5 -213 56 157
6-13.png 0 5 -202 62 140
6-13_90.png 0 5 -202 62 140
6-13_180.png 0 5 -202 62 140
6-13_270.png 0 5 -202 62 140
6-13_fl.png 0 5 -202 62 140
6-14.png 0 5 -219 64 155
6-14_90.png 0 5 -219 64 155
6-14_180.png 0 5 -219 64 155
6-14_270.png 0 5 -219 64 155
6-14_fl.png 0 5 -219 64 155
6-15.png 0 5 -208 52 156
6-15_90.png 0 5 -208 52 156
6-15_180.png 0 5 -208 52 156
6-15_270.png 0 5 -208 52 156
6-15_fl.png 0 5 -208 52 156
8-1.png 10 5 -58 59 -1
8-1_90.png 10 5 -58 59 -1
8-1_180.png 10 5 -58 59 -1
8-1_270.png 10 5 -58 59 -1
8-1_fl.png 10 5 -58 59 -1
8-2.png 10 5 -67 65 2
8-2_90.png 10 5 -67 65 2
8-2_180.png 10 5 -67 65 2
8-2_270.png 10 5 -67 65 2
8-2_fl.png 10 5 -67 65 2
8-3.png 10 5 -60 55 5
8-3_90.png 10 5 -60 55 5
8-3_180.png 10 5 -60 55 5
8-3_270.png 10 5 -60 55 5
8-3_fl.png 10 5 -60 55 5
8-4.png 10 5 -70 70 0
8-4_90.png 10 5 -70 70 0
8-4_180.png 10 5 -70 70 0
8-4_270.png 10 5 -70 70 0
8-4_fl.png 10 5 -70 70 0
8-5.png 10 5 -70 66 4
8-5_90.png 10 5 -70 66 4
8-5_180.png 10 5 -70 66 4
8-5_270.png 10 5 -70 66 4
8-5_fl.png 10 5 -70 66 4
8-6.png 10 5 -69 69 0
8-6_90.png 10 5 -69 69 0
8-6_180.png 10 5 -69 69 0
8-6_270.png 10 5 -69 69 0
8-6_fl.png 10 5 -69 69 0
8-7.png 10 5 -73 70 3
8-7_90.png 10 5 -73 70 3
8-7_180.png 10 5 -73 70 3
8-7_270.png 10 5 -73 70 3
8-7_fl.png 10 5 -73 70 3
8-8.png 10 5 -71 66 5
8-8_90.png 10 5 -71 66 5
8-8_180.png 10 5 -71 66 5
8-8_270.png 10 5 -71 66 5
8-8_fl.png 10 5 -71 66 5
8-9.png 10 5 -61 57 4
8-9_90.png 10 5 -61 57 4
8-9_180.png 10 5 -61 57 4
8-9_270.png 10 5 -61 57 4
8-9_fl.png 10 5 -61 57 4
8-10.png 10 5 -80 76 4
8-10_90.png 10 5 -80 76 4
8-10_180.png 10 5 -80 76 4
8-10_270.png 10 5 -80 76 4
8-10_fl.png 10 5 -80 76 4
8-11.png 10 5 -76 72 4
8-11_90.png 10 5 -76 72 4
8-11_180.png 10 5 -76 72 4
8-11_270.png 10 5 -76 72 4
8-11_fl.png 10 5 -76 72 4
8-12.png 10 5 -60 58 2
8-12_90.png 10 5 -60 58 2
8-12_180.png 10 5 -60 58 2
8-12_270.png 10 5 -60 58 2
8-12_fl.png 10 5 -60 58 2
8-13.png 10 5 -69 70 -1
8-13_90.png 10 5 -69 70 -1
8-13_180.png 10 5 -69 70 -1
8-13_270.png 10 5 -69 70 -1
8-13_fl.png 10 5 -69 70 -1
8-14.png 10 5 -69 65 4
8-14_90.png 10 5 -69 65 4
8-14_180.png 10 5 -69 65 4
8-14_270.png 10 5 -69 65 4
8-14_fl.png 10 5 -69 65 4
8-15.png 10 5 -59 68 -9
8-15_90.png 10 5 -59 68 -9
8-15_180.png 10 5 -59 68 -9
8-15_270.png 10 5 -59 68 -9
8-15_fl.png 10 5 -59 68 -9
9-1.png 15 5 0 75 -75
9-1_90.png 15 5 0 75 -75
9-1_180.png 15 5 0 75 -75
9-1_270.png 15 5 0 75 -75
9-1_fl.png 15 5 0 75 -75
9-2.png 15 5 4 76 -80
9-2_90.png 15 5 4 76 -80
9-2_180.png 15 5 4 76 -80
9-2_270.png 15 5 4 76 -80
9-2_fl.png 15 5 4 76 -80
9-3.png 15 5 1 82 -83
9-3_90.png 15 5 1 82 -83
9-3_180.png 15 5 1 82 -83
9-3_270.png 15 5 1 82 -83
9-3_fl.png 15 5 1 82 -83
9-4.png 15 5 20 79 -99
9-4_90.png 15 5 20 79 -99
9-4_180.png 15 5 20 79 -99
9-4_270.png 15 5 20 79 -99
9-4_fl.png 15 5 20 79 -99
9-5.png 15 5 0 81 -81
9-5_90.png 15 5 0 81 -81
9-5_180.png 15 5 0 81 -81
9-5_270.png 15 5 0 81 -81
9-5_fl.png 15 5 0 81 -81
9-6.png 15 5 7 78 -85
9-6_90.png 15 5 7 78 -85
9-6_180.png 15 5 7 78 -85
9-6_270.png 15 5 7 78 -85
9-6_fl.png 15 5 7 78 -85
9-7.png 15 5 17 78 -95
9-7_90.png 15 5 17 78 -95
9-7_180.png 15 5 17 78 -95
9-7_270.png 15 5 17 78 -95
9-7_fl.png 15 5 17 78 -95
9-8.png 15 5 6 75 -81
9-8_90.png 15 5 6 75 -81
9-8_180.png 15 5 6 75 -81
9-8_270.png 15 5 6 75 -81
9-8_fl.png 15 5 6 75 -81
9-9.png 15 5 12 63 -75
9-9_90.png 15 5 12 63 -75
9-9_180.png 15 5 12 63 -75
9-9_270.png 15 5 12 63 -75
9-9_fl.png 15 5 12 63 -75
9-10.png 15 5 -1 81 -80
9-10_90.png 15 5 -1 81 -80
9-10_180.png 15 5 -1 81 -80
9-10_270.png 15 5 -1 81 -80
9-10_fl.png 15 5 -1 81 -80
9-11.png 15 5 -2 82 -80
9-11_90.png 15 5 -2 82 -80
9-11_180.png 15 5 -2 82 -80
9-11_270.png 15 5 -2 82 -80
9-11_fl.png 15 5 -2 82 -80
9-12.png 15 5 -4 81 -77
9-12_90.png 15 5 -4 81 -77
9-12_180.png 15 5 -4 81 -77
9-12_270.png 15 5 -4 81 -77
9-12_fl.png 15 5 -4 81 -77
9-13.png 15 5 6 76 -82
9-13_90.png 15 5 6 76 -82
9-13_180.png 15 5 6 76 -82
9-13_270.png 15 5 6 76 -82
9-13_fl.png 15 5 6 76 -82
9-14.png 15 5 1 81 -82
9-14_90.png 15 5 1 81 -82
9-14_180.png 15 5 1 81 -82
9-14_270.png 15 5 1 81 -82
9-14_fl.png 15 5 1 81 -82
9-15.png 15 5 7 76 -83
9-15_90.png 15 5 7 76 -83
9-15_180.png 15 5 7 76 -83
9-15_270.png 15 5 7 76 -83
9-15_fl.png 15 5 7 76 -83
10-1.png 20 5 55 86 -141
10-1_90.png 20 5 55 86 -141
10-1_180.png 20 5 55 86 -141
10-1_270.png 20 5 55 86 -141
10-1_fl.png 20 5 55 86 -141
10-2.png 20 5 56 93 -149
10-2_90.png 20 5 56 93 -149
10-2_180.png 20 5 56 93 -149
10-2_270.png 20 5 56 93 -149
10-2_fl.png 20 5 56 93 -149
10-3.png 20 5 56 93 -149
10-3_90.png 20 5 56 93 -149
10-3_180.png 20 5 56 93 -149
10-3_270.png 20 5 56 93 -149
10-3_fl.png 20 5 56 93 -149
10-4.png 20 5 63 85 -148
10-4_90.png 20 5 63 85 -148
10-4_180.png 20 5 63 85 -148
10-4_270.png 20 5 63 85 -148
10-4_fl.png 20 5 63 85 -148
10-5.png 20 5 51 98 -149
10-5_90.png 20 5 51 98 -149
10-5_180.png 20 5 51 98 -149
10-5_270.png 20 5 51 98 -149
10-5_fl.png 20 5 51 98 -149
10-6.png 20 5 57 85 -142
10-6_90.png 20 5 57 85 -142
10-6_180.png 20 5 57 85 -142
10-6_270.png 20 5 57 85 -142
10-6_fl.png 20 5 57 85 -142
10-7.png 20 5 56 93 -149
10-7_90.png 20 5 56 93 -149
10-7_180.png 20 5 56 93 -149
10-7_270.png 20 5 56 93 -149
10-7_fl.png 20 5 56 93 -149
10-8.png 20 5 81 93 -174
10-8_90.png 20 5 81 93 -174
10-8_180.png 20 5 81 93 -174
10-8_270.png 20 5 81 93 -174
10-8_fl.png 20 5 81 93 -174
10-9.png 20 5 53 88 -141
10-9_90.png 20 5 53 88 -141
10-9_180.png 20 5 53 88 -141
10-9_270.png 20 5 53 88 -141
10-9_fl.png 20 5 53 88 -141
10-10.png 20 5 43 98 -141
10-10_90.png 20 5 43 98 -141
10-10_180.png 20 5 43 98 -141
10-10_270.png 20 5 43 98 -141
10-10_fl.png 20 5 43 98 -141
10-11.png 20 5 59 89 -148
10-11_90.png 20 5 59 89 -148
10-11_180.png 20 5 59 89 -148
10-11_270.png 20 5 59 89 -148
10-11_fl.png 20 5 59 89 -148
10-12.png 20 5 57 85 -142
10-12_90.png 20 5 57 85 -142
10-12_180.png 20 5 57 85 -142
10-12_270.png 20 5 57 85 -142
10-12_fl.png 20 5 57 85 -142
10-13.png 20 5 51 97 -148
10-13_90.png 20 5 51 97 -148
10-13_180.png 20 5 51 97 -148
10-13_270.png 20 5 51 97 -148
10-13_fl.png 20 5 51 97 -148
10-14.png 20 5 62 86 -148
10-14_90.png 20 5 62 86 -148
10-14_180.png 20 5 62 86 -148
10-14_270.png 20 5 62 86 -148
10-14_fl.png 20 5 62 86 -148
10-15.png 20 5 76 94 -170
10-15_90.png 20 5 76 94 -170
10-15_180.png 20 5 76 94 -170
10-15_270.png 20 5 76 94 -170
10-15_fl.png 20 5 76 94 -170
11-1.png 0 10 -130 12 118
11-1_90.png 0 10 -130 12 118
11-1_180.png 0 10 -130 12 118
11-1_270.png 0 10 -130 12 118
11-1_fl.png 0 10 -130 12 118
11-2.png 0 10 -134 9 125
11-2_90.png 0 10 -134 9 125
11-2_180.png 0 10 -134 9 125
11-2_270.png 0 10 -134 9 125
11-2_fl.png 0 10 -134 9 125
11-3.png 0 10 -132 -4 136
11-3_90.png 0 10 -132 -4 136
11-3_180.png 0 10 -132 -4 136
11-3_270.png 0 10 -132 -4 136
11-3_fl.png 0 10 -132 -4 136
11-4.png 0 10 -133 8 125
11-4_90.png 0 10 -133 8 125
11-4_180.png 0 10 -133 8 125
11-4_270.png 0 10 -133 8 125
11-4_fl.png 0 10 -133 8 125
11-5.png 0 10 -124 -1 125
11-5_90.png 0 10 -124 -1 125
11-5_180.png 0 10 -124 -1 125
11-5_270.png 0 10 -124 -1 125
11-5_fl.png 0 10 -124 -1 125
11-6.png 0 10 -131 1 130
11-6_90.png 0 10 -131 1 130
11-6_180.png 0 10 -131 1 130
11-6_270.png 0 10 -131 1 130
11-6_fl.png 0 10 -131 1 130
11-7.png 0 10 -132 -1 133
11-7_90.png 0 10 -132 -1 133
11-7_180.png 0 10 -132 -1 133
11-7_270.png 0 10 -132 -1 133
11-7_fl.png 0 10 -132 -1 133
11-8.png 0 10 -133 7 126
11-8_90.png 0 10 -133 7 126
11-8_180.png 0 10 -133 7 126
11-8_270.png 0 10 -133 7 126
11-8_fl.png 0 10 -133 7 126
11-9.png 0 10 -131 -1 132
11-9_90.png 0 10 -131 -1 132
11-9_180.png 0 10 -131 -1 132
11-9_270.png 0 10 -131 -1 132
11-9_fl.png 0 10 -131 -1 132
11-10.png 0 10 -133 9 124
11-10_90.png 0 10 -133 9 124
11-10_180.png 0 10 -133 9 124
11-10_270.png 0 10 -133 9 124
11-10_fl.png 0 10 -133 9 124
11-11.png 0 10 -136 11 125
11-11_90.png 0 10 -136 11 125
11-11_180.png 0 10 -136 11 125
11-11_270.png 0 10 -136 11 125
11-11_fl.png 0 10 -136 11 125
11-12.png 0 10 -131 6 125
11-12_90.png 0 10 -131 6 125
11-12_180.png 0 10 -131 6 125
11-12_270.png 0 10 -131 6 125
11-12_fl.png 0 10 -131 6 125
11-13.png 0 10 -117 12 105
11-13_90.png 0 10 -117 12 105
11-13_180.png 0 10 -117 12 105
11-13_270.png 0 10 -117 12 105
11-13_fl.png 0 10 -117 12 105
11-14.png 0 10 -106 1 105
11-14_90.png 0 10 -106 1 105
11-14_180.png 0 10 -106 1 105
11-14_270.png 0 10 -106 1 105
11-14_fl.png 0 10 -106 1 105
11-15.png 0 10 -131 -2 133
11-15_90.png 0 10 -131 -2 133
11-15_180.png 0 10 -131 -2 133
11-15_270.png 0 10 -131 -2 133
11-15_fl.png 0 10 -131 -2 133
12-1.png 5 10 -76 17 59
12-1_90.png 5 10 -76 17 59
12-1_180.png 5 10 -76 17 59
12-1_270.png 5 10 -76 17 59
12-1_fl.png 5 10 -76 17 59
12-2.png 5 10 -73 12 61
12-2_90.png 5 10 -73 12 61
12-2_180.png 5 10 -73 12 61
12-2_270.png 5 10 -73 12 61
12-2_fl.png 5 10 -73 12 61
12-3.png 5 10 -68 -1 69
12-3_90.png 5 10 -68 -1 69
12-3_180.png 5 10 -68 -1 69
12-3_270.png 5 10 -68 -1 69
12-3_fl.png 5 10 -68 -1 69
12-4.png 5 10 -67 -2 69
12-4_90.png 5 10 -67 -2 69
12-4_180.png 5 10 -67 -2 69
12-4_270.png 5 10 -67 -2 69
12-4_fl.png 5 10 -67 -2 69
12-5.png 5 10 -73 4 69
12-5_90.png 5 10 -73 4 69
12-5_180.png 5 10 -73 4 69
12-5_270.png 5 10 -73 4 69
12-5_fl.png 5 10 -73 4 69
12-6.png 5 10 -67 -1 68
12-6_90.png 5 10 -67 -1 68
12-6_180.png 5 10 -67 -1 68
12-6_270.png 5 10 -67 -1 68
12-6_fl.png 5 10 -67 -1 68
12-7.png 5 10 -69 2 67
12-7_90.png 5 10 -69 2 67
12-7_180.png 5 10 -69 2 67
12-7_270.png 5 10 -69 2 67
12-7_fl.png 5 10 -69 2 67
12-8.png 5 10 -62 -7 69
12-8_90.png 5 10 -62 -7 69
12-8_180.png 5 10 -62 -7 69
12-8_270.png 5 10 -62 -7 69
12-8_fl.png 5 10 -62 -7 69
12-9.png 5 10 -66 4 62
12-9_90.png 5 10 -66 4 62
12-9_180.png 5 10 -66 4 62
12-9_270.png 5 10 -66 4 62
12-9_fl.png 5 10 -66 4 62
12-10.png 5 10 -69 7 62
12-10_90.png 5 10 -69 7 62
12-10_180.png 5 10 -69 7 62
12-10_270.png 5 10 -69 7 62
12-10_fl.png 5 10 -69 7 62
12-11.png 5 10 -76 15 61
12-11_90.png 5 10 -76 15 61
12-11_180.png 5 10 -76 15 61
12-11_270.png 5 10 -76 15 61
12-11_fl.png 5 10 -76 15 61
12-12.png 5 10 -69 0 69
12-12_90.png 5 10 -69 0 69
12-12_180.png 5 10 -69 0 69
12-12_270.png 5 10 -69 0 69
12-12_fl.png 5 10 -69 0 69
12-13.png 5 10 -73 12 61
12-13_90.png 5 10 -73 12 61
12-13_180.png 5 10 -73 12 61
12-13_270.png 5 10 -73 12 61
12-13_fl.png 5 10 -73 12 61
12-14.png 5 10 -66 5 61
12-14_90.png 5 10 -66 5 61
12-14_180.png 5 10 -66 5 61
12-14_270.png 5 10 -66 5 61
12-14_fl.png 5 10 -66 5 61
12-15.png 5 10 -68 8 60
12-15_90.png 5 10 -68 8 60
12-15_180.png 5 10 -68 8 60
12-15_270.png 5 10 -68 8 60
12-15_fl.png 5 10 -68 8 60
13-1.png 10 10 -1 0 1
13-1_90.png 10 10 -1 0 1
13-1_180.png 10 10 -1 0 1
13-1_270.png 10 10 -1 0 1
13-1_fl.png 10 10 -1 0 1
13-2.png 10 10 3 -2 -1
13-2_90.png 10 10 3 -2 -1
13-2_180.png 10 10 3 -2 -1
13-2_270.png 10 10 3 -2 -1
13-2_fl.png 10 10 3 -2 -1
13-3.png 10 10 -1 -1 2
13-3_90.png 10 10 -1 -1 2
13-3_180.png 10 10 -1 -1 2
13-3_270.png 10 10 -1 -1 2
13-3_fl.png 10 10 -1 -1 2
13-4.png 10 10 -2 0 2
13-4_90.png 10 10 -2 0 2
13-4_180.png 10 10 -2 0 2
13-4_270.png 10 10 -2 0 2
13-4_fl.png 10 10 -2 0 2
13-5.png 10 10 8 -2 -6
13-5_90.png 10 10 8 -2 -6
13-5_180.png 10 10 8 -2 -6
13-5_270.png 10 10 8 -2 -6
13-5_fl.png 10 10 8 -2 -6
13-6.png 10 10 4 -4 0
13-6_90.png 10 10 4 -4 0
13-6_180.png 10 10 4 -4 0
13-6_270.png 10 10 4 -4 0
13-6_fl.png 10 10 4 -4 0
13-7.png 10 10 -4 3 1
13-7_90.png 10 10 -4 3 1
13-7_180.png 10 10 -4 3 1
13-7_270.png 10 10 -4 3 1
13-7_fl.png 10 10 -4 3 1
13-8.png 10 10 -2 0 2
13-8_90.png 10 10 -2 0 2
13-8_180.png 10 10 -2 0 2
13-8_270.png 10 10 -2 0 2
13-8_fl.png 10 10 -2 0 2
13-9.png 10 10 0 -2 2
13-9_90.png 10 10 0 -2 2
13-9_180.png 10 10 0 -2 2
13-9_270.png 10 10 0 -2 2
13-9_fl.png 10 10 0 -2 2
13-10.png 10 10 -2 2 0
13-10_90.png 10 10 -2 2 0
13-10_180.png 10 10 -2 2 0
13-10_270.png 10 10 -2 2 0
13-10_fl.png 10 10 -2 2 0
13-11.png 10 10 0 -7 7
13-11_90.png 10 10 0 -7 7
13-11_180.png 10 10 0 -7 7
13-11_270.png 10 10 0 -7 7
13-11_fl.png 10 10 0 -7 7
13-12.png 10 10 2 0 -2
13-12_90.png 10 10 2 0 -2
13-12_180.png 10 10 2 0 -2
13-12_270.png 10 10 2 0 -2
13-12_fl.png 10 10 2 0 -2
13-13.png 10 10 -2 -5 7
13-13_90.png 10 10 -2 -5 7
13-13_180.png 10 10 -2 -5 7
13-13_270.png 10 10 -2 -5 7
13-13_fl.png 10 10 -2 -5 7
13-14.png 10 10 -1 0 1
13-14_90.png 10 10 -1 0 1
13-14_180.png 10 10 -1 0 1
13-14_270.png 10 10 -1 0 1
13-14_fl.png 10 10 -1 0 1
13-15.png 10 10 -1 0 1
13-15_90.png 10 10 -1 0 1
13-15_180.png 10 10 -1 0 1
13-15_270.png 10 10 -1 0 1
13-15_fl.png 10 10 -1 0 1
14-1.png 15 10 67 0 -67
14-1_90.png 15 10 67 0 -67
14-1_180.png 15 10 67 0 -67
14-1_270.png 15 10 67 0 -67
14-1_fl.png 15 10 67 0 -67
14-2.png 15 10 68 -6 -62
14-2_90.png 15 10 68 -6 -62
14-2_180.png 15 10 68 -6 -62
14-2_270.png 15 10 68 -6 -62
14-2_fl.png 15 10 68 -6 -62
14-3.png 15 10 77 0 -77
14-3_90.png 15 10 77 0 -77
14-3_180.png 15 10 77 0 -77
14-3_270.png 15 10 77 0 -77
14-3_fl.png 15 10 77 0 -77
14-4.png 15 10 68 -4 -64
14-4_90.png 15 10 68 -4 -64
14-4_180.png 15 10 68 -4 -64
14-4_270.png 15 10 68 -4 -64
14-4_fl.png 15 10 68 -4 -64
14-5.png 15 10 68 0 -68
14-5_90.png 15 10 68 0 -68
14-5_180.png 15 10 68 0 -68
14-5_270.png 15 10 68 0 -68
14-5_fl.png 15 10 68 0 -68
14-6.png 15 10 78 -2 -76
14-6_90.png 15 10 78 -2 -76
14-6_180.png 15 10 78 -2 -76
14-6_270.png 15 10 78 -2 -76
14-6_fl.png 15 10 78 -2 -76
14-7.png 15 10 68 1 -69
14-7_90.png 15 10 68 1 -69
14-7_180.png 15 10 68 1 -69
14-7_270.png 15 10 68 1 -69
14-7_fl.png 15 10 68 1 -69
14-8.png 15 10 68 0 -68
14-8_90.png 15 10 68 0 -68
14-8_180.png 15 10 68 0 -68
14-8_270.png 15 10 68 0 -68
14-8_fl.png 15 10 68 0 -68
14-9.png 15 10 68 0 -68
14-9_90.png 15 10 68 0 -68
14-9_180.png 15 10 68 0 -68
14-9_270.png 15 10 68 0 -68
14-9_fl.png 15 10 68 0 -68
14-10.png 15 10 67 -5 -62
14-10_90.png 15 10 67 -5 -62
14-10_180.png 15 10 67 -5 -62
14-10_270.png 15 10 67 -5 -62
14-10_fl.png 15 10 67 -5 -62
14-11.png 15 10 75 1 -76
14-11_90.png 15 10 75 1 -76
14-11_180.png 15 10 75 1 -76
14-11_270.png 15 10 75 1 -76
14-11_fl.png 15 10 75 1 -76
14-12.png 15 10 77 0 -77
14-12_90.png 15 10 77 0 -77
14-12_180.png 15 10 77 0 -77
14-12_270.png 15 10 77 0 -77
14-12_fl.png 15 10 77 0 -77
14-13.png 15 10 74 0 -74
14-13_90.png 15 10 74 0 -74
14-13_180.png 15 10 74 0 -74
14-13_270.png 15 10 74 0 -74
14-13_fl.png 15 10 74 0 -74
14-14.png 15 10 78 0 -78
14-14_90.png 15 10 78 0 -78
14-14_180.png 15 10 78 0 -78
14-14_270.png 15 10 78 0 -78
14-14_fl.png 15 10 78 0 -78
14-15.png 15 10 67 0 -67
14-15_90.png 15 10 67 0 -67
14-15_180.png 15 10 67 0 -67
14-15_270.png 15 10 67 0 -67
14-15_fl.png 15 10 67 0 -67
16-1.png 0 15 -62 -44 106
16-1_90.png 0 15 -62 -44 106
16-1_180.png 0 15 -62 -44 106
16-1_270.png 0 15 -62 -44 106
16-1_fl.png 0 15 -62 -44 106
16-2.png 0 15 -61 -41 102
16-2_90.png 0 15 -61 -41 102
16-2_180.png 0 15 -61 -41 102
16-2_270.png 0 15 -61 -41 102
16-2_fl.png 0 15 -61 -41 102
16-3.png 0 15 -62 -32 94
16-3_90.png 0 15 -62 -32 94
16-3_180.png 0 15 -62 -32 94
16-3_270.png 0 15 -62 -32 94
16-3_fl.png 0 15 -62 -32 94
16-4.png 0 15 -46 -58 104
16-4_90.png 0 15 -46 -58 104
16-4_180.png 0 15 -46 -58 104
16-4_270.png 0 15 -46 -58 104
16-4_fl.png 0 15 -46 -58 104
16-5.png 0 15 -56 -38 94
16-5_90.png 0 15 -56 -38 94
16-5_180.png 0 15 -56 -38 94
16-5_270.png 0 15 -56 -38 94
16-5_fl.png 0 15 -56 -38 94
16-6.png 0 15 -58 -40 98
16-6_90.png 0 15 -58 -40 98
16-6_180.png 0 15 -58 -40 98
16-6_270.png 0 15 -58 -40 98
16-6_fl.png 0 15 -58 -40 98
16-7.png 0 15 -65 -45 110
16-7_90.png 0 15 -65 -45 110
16-7_180.png 0 15 -65 -45 110
16-7_270.png 0 15 -65 -45 110
16-7_fl.png 0 15 -65 -45 110
16-8.png 0 15 -54 -48 102
16-8_90.png 0 15 -54 -48 102
16-8_180.png 0 15 -54 -48 102
16-8_270.png 0 15 -54 -48 102
16-8_fl.png 0 15 -54 -48 102
16-9.png 0 15 -54 -39 93
16-9_90.png 0 15 -54 -39 93
16-9_180.png 0 15 -54 -39 93
16-9_270.png 0 15 -54 -39 93
16-9_fl.png 0 15 -54 -39 93
16-10.png 0 15 -46 -52 98
16-10_90.png 0 15 -46 -52 98
16-10_180.png 0 15 -46 -52 98
16-10_270.png 0 15 -46 -52 98
16-10_fl.png 0 15 -46 -52 98
16-11.png 0 15 -63 -39 102
16-11_90.png 0 15 -63 -39 102
16-11_180.png 0 15 -63 -39 102
16-11_270.png 0 15 -63 -39 102
16-11_fl.png 0 15 -63 -39 102
16-12.png 0 15 -45 -60 105
16-12_90.png 0 15 -45 -60 105
16-12_180.png 0 15 -45 -60 105
16-12_270.png 0 15 -45 -60 105
16-12_fl.png 0 15 -45 -60 105
16-13.png 0 15 -56 -50 106
16-13_90.png 0 15 -56 -50 106
16-13_180.png 0 15 -56 -50 106
16-13_270.png 0 15 -56 -50 106
16-13_fl.png 0 15 -56 -50 106
16-14.png 0 15 -29 -62 91
16-14_90.png 0 15 -29 -62 91
16-14_180.png 0 15 -29 -62 91
16-14_270.png 0 15 -29 -62 91
16-14_fl.png 0 15 -29 -62 91
16-15.png 0 15 -68 -34 102
16-15_90.png 0 15 -68 -34 102
16-15_180.png 0 15 -68 -34 102
16-15_270.png 0 15 -68 -34 102
16-15_fl.png 0 15 -68 -34 102
18-1.png 10 15 79 -69 -10
18-1_90.png 10 15 79 -69 -10
18-1_180.png 10 15 79 -69 -10
18-1_270.png 10 15 79 -69 -10
18-1_fl.png 10 15 79 -69 -10
18-2.png 10 15 68 -68 0
18-2_90.png 10 15 68 -68 0
18-2_180.png 10 15 68 -68 0
18-2_270.png 10 15 68 -68 0
18-2_fl.png 10 15 68 -68 0
18-3.png 10 15 74 -62 -12
18-3_90.png 10 15 74 -62 -12
18-3_180.png 10 15 74 -62 -12
18-3_270.png 10 15 74 -62 -12
18-3_fl.png 10 15 74 -62 -12
18-4.png 10 15 74 -62 -12
18-4_90.png 10 15 74 -62 -12
18-4_180.png 10 15 74 -62 -12
18-4_270.png 10 15 74 -62 -12
18-4_fl.png 10 15 74 -62 -12
18-5.png 10 15 68 -61 -7
18-5_90.png 10 15 68 -61 -7
18-5_180.png 10 15 68 -61 -7
18-5_270.png 10 15 68 -61 -7
18-5_fl.png 10 15 68 -61 -7
18-6.png 10 15 74 -59 -15
18-6_90.png 10 15 74 -59 -15
18-6_180.png 10 15 74 -59 -15
18-6_270.png 10 15 74 -59 -15
18-6_fl.png 10 15 74 -59 -15
18-7.png 10 15 84 -70 -14
18-7_90.png 10 15 84 -70 -14
18-7_180.png 10 15 84 -70 -14
18-7_270.png 10 15 84 -70 -14
18-7_fl.png 10 15 84 -70 -14
18-8.png 10 15 74 -60 -14
18-8_90.png 10 15 74 -60 -14
18-8_180.png 10 15 74 -60 -14
18-8_270.png 10 15 74 -60 -14
18-8_fl.png 10 15 74 -60 -14
18-9.png 10 15 66 -59 -7
18-9_90.png 10 15 66 -59 -7
18-9_180.png 10 15 66 -59 -7
18-9_270.png 10 15 66 -59 -7
18-9_fl.png 10 15 66 -59 -7
18-10.png 10 15 70 -70 0
18-10_90.png 10 15 70 -70 0
18-10_180.png 10 15 70 -70 0
18-10_270.png 10 15 70 -70 0
18-10_fl.png 10 15 70 -70 0
18-11.png 10 15 68 -62 -6
18-11_90.png 10 15 68 -62 -6
18-11_180.png 10 15 68 -62 -6
18-11_270.png 10 15 68 -62 -6
18-11_fl.png 10 15 68 -62 -6
18-12.png 10 15 76 -76 0
18-12_90.png 10 15 76 -76 0
18-12_180.png 10 15 76 -76 0
18-12_270.png 10 15 76 -76 0
18-12_fl.png 10 15 76 -76 0
18-13.png 10 15 78 -61 -17
18-13_90.png 10 15 78 -61 -17
18-13_180.png 10 15 78 -61 -17
18-13_270.png 10 15 78 -61 -17
18-13_fl.png 10 15 78 -61 -17
18-14.png 10 15 74 -67 -7
18-14_90.png 10 15 74 -67 -7
18-14_180.png 10 15 74 -67 -7
18-14_270.png 10 15 74 -67 -7
18-14_fl.png 10 15 74 -67 -7
18-15.png 10 15 68 -62 -6
18-15_90.png 10 15 68 -62 -6
18-15_180.png 10 15 68 -62 -6
18-15_270.png 10 15 68 -62 -6
18-15_fl.png 10 15 68 -62 -6
20-1.png 20 15 206 -114 -92
20-1_90.png 20 15 206 -114 -92
20-1_180.png 20 15 206 -114 -92
20-1_270.png 20 15 206 -114 -92
20-1_fl.png 20 15 206 -114 -92
20-2.png 20 15 205 -109 -96
20-2_90.png 20 15 205 -109 -96
20-2_180.png 20 15 205 -109 -96
20-2_270.png 20 15 205 -109 -96
20-2_fl.png 20 15 205 -109 -96
20-3.png 20 15 205 -109 -96
20-3_90.png 20 15 205 -109 -96
20-3_180.png 20 15 205 -109 -96
20-3_270.png 20 15 205 -109 -96
20-3_fl.png 20 15 205 -109 -96
20-4.png 20 15 205 -94 -111
20-4_90.png 20 15 205 -94 -111
20-4_180.png 20 15 205 -94 -111
20-4_270.png 20 15 205 -94 -111
20-4_fl.png 20 15 205 -94 -111
20-5.png 20 15 204 -110 -94
20-5_90.png 20 15 204 -110 -94
20-5_180.png 20 15 204 -110 -94
20-5_270.png 20 15 204 -110 -94
20-5_fl.png 20 15 204 -110 -94
20-6.png 20 15 205 -111 -94
20-6_90.png 20 15 205 -111 -94
20-6_180.png 20 15 205 -111 -94
20-6_270.png 20 15 205 -111 -94
20-6_fl.png 20 15 205 -111 -94
20-7.png 20 15 198 -107 -91
20-7_90.png 20 15 198 -107 -91
20-7_180.png 20 15 198 -107 -91
20-7_270.png 20 15 198 -107 -91
20-7_fl.png 20 15 198 -107 -91
20-8.png 20 15 205 -93 -112
20-8_90.png 20 15 205 -93 -112
20-8_180.png 20 15 205 -93 -112
20-8_270.png 20 15 205 -93 -112
20-8_fl.png 20 15 205 -93 -112
20-9.png 20 15 206 -94 -112
20-9_90.png 20 15 206 -94 -112
20-9_180.png 20 15 206 -94 -112
20-9_270.png 20 15 206 -94 -112
20-9_fl.png 20 15 206 -94 -112
20-10.png 20 15 204 -107 -97
20-10_90.png 20 15 204 -107 -97
20-10_180.png 20 15 204 -107 -97
20-10_270.png 20 15 204 -107 -97
20-10_fl.png 20 15 204 -107 -97
20-11.png 20 15 199 -116 -83
20-11_90.png 20 15 199 -116 -83
20-11_180.png 20 15 199 -116 -83
20-11_270.png 20 15 199 -116 -83
20-11_fl.png 20 15 199 -116 -83
20-12.png 20 15 203 -112 -91
20-12_90.png 20 15 203 -112 -91
20-12_180.png 20 15 203 -112 -91
20-12_270.png 20 15 203 -112 -91
20-12_fl.png 20 15 203 -112 -91
20-13.png 20 15 212 -94 -118
20-13_90.png 20 15 212 -94 -118
20-13_180.png 20 15 212 -94 -118
20-13_270.png 20 15 212 -94 -118
20-13_fl.png 20 15 212 -94 -118
20-14.png 20 15 205 -95 -110
20-14_90.png 20 15 205 -95 -110
20-14_180.png 20 15 205 -95 -110
20-14_270.png 20 15 205 -95 -110
20-14_fl.png 20 15 205 -95 -110
20-15.png 20 15 210 -113 -97
20-15_90.png 20 15 210 -113 -97
20-15_180.png 20 15 210 -113 -97
20-15_270.png 20 15 210 -113 -97
20-15_fl.png 20 15 210 -113 -97
21-1.png 0 20 -10 -84 94
21-1_90.png 0 20 -10 -84 94
21-1_180.png 0 20 -10 -84 94
21-1_270.png 0 20 -10 -84 94
21-1_fl.png 0 20 -10 -84 94
21-2.png 0 20 -8 -73 81
21-2_90.png 0 20 -8 -73 81
21-2_180.png 0 20 -8 -73 81
21-2_270.png 0 20 -8 -73 81
21-2_fl.png 0 20 -8 -73 81
21-3.png 0 20 -4 -92 96
21-3_90.png 0 20 -4 -92 96
21-3_180.png 0 20 -4 -92 96
21-3_270.png 0 20 -4 -92 96
21-3_fl.png 0 20 -4 -92 96
21-4.png 0 20 -12 -74 86
21-4_90.png 0 20 -12 -74 86
21-4_180.png 0 20 -12 -74 86
21-4_270.png 0 20 -12 -74 86
21-4_fl.png 0 20 -12 -74 86
21-5.png 0 20 -6 -87 93
21-5_90.png 0 20 -6 -87 93
21-5_180.png 0 20 -6 -87 93
21-5_270.png 0 20 -6 -87 93
21-5_fl.png 0 20 -6 -87 93
21-6.png 0 20 1 -99 98
21-6_90.png 0 20 1 -99 98
21-6_180.png 0 20 1 -99 98
21-6_270.png 0 20 1 -99 98
21-6_fl.png 0 20 1 -99 98
21-7.png 0 20 -1 -87 88
21-7_90.png 0 20 -1 -87 88
21-7_180.png 0 20 -1 -87 88
21-7_270.png 0 20 -1 -87 88
21-7_fl.png 0 20 -1 -87 88
21-8.png 0 20 -3 -91 94
21-8_90.png 0 20 -3 -91 94
21-8_180.png 0 20 -3 -91 94
21-8_270.png 0 20 -3 -91 94
21-8_fl.png 0 20 -3 -91 94
21-9.png 0 20 0 -100 100
21-9_90.png 0 20 0 -100 100
21-9_180.png 0 20 0 -100 100
21-9_270.png 0 20 0 -100 100
21-9_fl.png 0 20 0 -100 100
21-10.png 0 20 -3 -81 84
21-10_90.png 0 20 -3 -81 84
21-10_180.png 0 20 -3 -81 84
21-10_270.png 0 20 -3 -81 84
21-10_fl.png 0 20 -3 -81 84
21-11.png 0 20 2 -94 92
21-11_90.png 0 20 2 -94 92
21-11_180.png 0 20 2 -94 92
21-11_270.png 0 20 2 -94 92
21-11_fl.png 0 20 2 -94 92
21-12.png 0 20 -4 -88 92
21-12_90.png 0 20 -4 -88 92
21-12_180.png 0 20 -4 -88 92
21-12_270.png 0 20 -4 -88 92
21-12_fl.png 0 20 -4 -88 92
21-13.png 0 20 -5 -79 84
21-13_90.png 0 20 -5 -79 84
21-13_180.png 0 20 -5 -79 84
21-13_270.png 0 20 -5 -79 84
21-13_fl.png 0 20 -5 -79 84
21-14.png 0 20 -4 -80 84
21-14_90.png 0 20 -4 -80 84
21-14_180.png 0 20 -4 -80 84
21-14_270.png 0 20 -4 -80 84
21-14_fl.png 0 20 -4 -80 84
21-15.png 0 20 -7 -70 77
21-15_90.png 0 20 -7 -70 77
21-15_180.png 0 20 -7 -70 77
21-15_270.png 0 20 -7 -70 77
21-15_fl.png 0 20 -7 -70 77
22-1.png 5 20 60 -92 32
22-1_90.png 5 20 60 -92 32
22-1_180.png 5 20 60 -92 32
22-1_270.png 5 20 60 -92 32
22-1_fl.png 5 20 60 -92 32
22-2.png 5 20 54 -102 48
22-2_90.png 5 20 54 -102 48
22-2_180.png 5 20 54 -102 48
22-2_270.png 5 20 54 -102 48
22-2_fl.png 5 20 54 -102 48
22-3.png 5 20 46 -91 45
22-3_90.png 5 20 46 -91 45
22-3_180.png 5 20 46 -91 45
22-3_270.png 5 20 46 -91 45
22-3_fl.png 5 20 46 -91 45
22-4.png 5 20 50 -93 43
22-4_90.png 5 20 50 -93 43
22-4_180.png 5 20 50 -93 43
22-4_270.png 5 20 50 -93 43
22-4_fl.png 5 20 50 -93 43
22-5.png 5 20 53 -107 54
22-5_90.png 5 20 53 -107 54
22-5_180.png 5 20 53 -107 54
22-5_270.png 5 20 53 -107 54
22-5_fl.png 5 20 53 -107 54
22-6.png 5 20 60 -108 48
22-6_90.png 5 20 60 -108 48
22-6_180.png 5 20 60 -108 48
22-6_270.png 5 20 60 -108 48
22-6_fl.png 5 20 60 -108 48
22-7.png 5 20 52 -109 57
22-7_90.png 5 20 52 -109 57
22-7_180.png 5 20 52 -109 57
22-7_270.png 5 20 52 -109 57
22-7_fl.png 5 20 52 -109 57
22-8.png 5 20 53 -94 41
22-8_90.png 5 20 53 -94 41
22-8_180.png 5 20 53 -94 41
22-8_270.png 5 20 53 -94 41
22-8_fl.png 5 20 53 -94 41
22-9.png 5 20 53 -113 60
22-9_90.png 5 20 53 -113 60
22-9_180.png 5 20 53 -113 60
22-9_270.png 5 20 53 -113 60
22-9_fl.png 5 20 53 -113 60
22-10.png 5 20 54 -98 44
22-10_90.png 5 20 54 -98 44
22-10_180.png 5 20 54 -98 44
22-10_270.png 5 20 54 -98 44
22-10_fl.png 5 20 54 -98 44
22-11.png 5 20 53 -94 41
22-11_90.png 5 20 53 -94 41
22-11_180.png 5 20 53 -94 41
22-11_270.png 5 20 53 -94 41
22-11_fl.png 5 20 53 -94 41
22-12.png 5 20 53 -106 53
22-12_90.png 5 20 53 -106 53
22-12_180.png 5 20 53 -106 53
22-12_270.png 5 20 53 -106 53
22-12_fl.png 5 20 53 -106 53
22-13.png 5 20 59 -93 34
22-13_90.png 5 20 59 -93 34
22-13_180.png 5 20 59 -93 34
22-13_270.png 5 20 59 -93 34
22-13_fl.png 5 20 59 -93 34
22-14.png 5 20 61 -110 49
22-14_90.png 5 20 61 -110 49
22-14_180.png 5 20 61 -110 49
22-14_270.png 5 20 61 -110 49
22-14_fl.png 5 20 61 -110 49
22-15.png 5 20 53 -94 41
22-15_90.png 5 20 53 -94 41
22-15_180.png 5 20 53 -94 41
22-15_270.png 5 20 53 -94 41
22-15_fl.png 5 20 53 -94 41
24-1.png 15 20 199 -155 -44
24-1_90.png 15 20 199 -155 -44
24-1_180.png 15 20 199 -155 -44
24-1_270.png 15 20 199 -155 -44
24-1_fl.png 15 20 199 -155 -44
24-2.png 15 20 198 -157 -41
24-2_90.png 15 20 198 -157 -41
24-2_180.png 15 20 198 -157 -41
24-2_270.png 15 20 198 -157 -41
24-2_fl.png 15 20 198 -157 -41
24-3.png 15 20 205 -162 -43
24-3_90.png 15 20 205 -162 -43
24-3_180.png 15 20 205 -162 -43
24-3_270.png 15 20 205 -162 -43
24-3_fl.png 15 20 205 -162 -43
24-4.png 15 20 205 -158 -47
24-4_90.png 15 20 205 -158 -47
24-4_180.png 15 20 205 -158 -47
24-4_270.png 15 20 205 -158 -47
24-4_fl.png 15 20 205 -158 -47
24-5.png 15 20 197 -157 -40
24-5_90.png 15 20 197 -157 -40
24-5_180.png 15 20 197 -157 -40
24-5_270.png 15 20 197 -157 -40
24-5_fl.png 15 20 197 -157 -40
24-6.png 15 20 205 -157 -48
24-6_90.png 15 20 205 -157 -48
24-6_180.png 15 20 205 -157 -48
24-6_270.png 15 20 205 -157 -48
24-6_fl.png 15 20 205 -157 -48
24-7.png 15 20 236 -165 -71
24-7_90.png 15 20 236 -165 -71
24-7_180.png 15 20 236 -165 -71
24-7_270.png 15 20 236 -165 -71
24-7_fl.png 15 20 236 -165 -71
24-8.png 15 20 203 -164 -39
24-8_90.png 15 20 203 -164 -39
24-8_180.png 15 20 203 -164 -39
24-8_270.png 15 20 203 -164 -39
24-8_fl.png 15 20 203 -164 -39
24-9.png 15 20 196 -156 -40
24-9_90.png 15 20 196 -156 -40
24-9_180.png 15 20 196 -156 -40
24-9_270.png 15 20 196 -156 -40
24-9_fl.png 15 20 196 -156 -40
24-10.png 15 20 202 -163 -39
24-10_90.png 15 20 202 -163 -39
24-10_180.png 15 20 202 -163 -39
24-10_270.png 15 20 202 -163 -39
24-10_fl.png 15 20 202 -163 -39
24-11.png 15 20 198 -155 -43
24-11_90.png 15 20 198 -155 -43
24-11_180.png 15 20 198 -155 -43
24-11_270.png 15 20 198 -155 -43
24-11_fl.png 15 20 198 -155 -43
24-12.png 15 20 198 -156 -42
24-12_90.png 15 20 198 -156 -42
24-12_180.png 15 20 198 -156 -42
24-12_270.png 15 20 198 -156 -42
24-12_fl.png 15 20 198 -156 -42
24-13.png 15 20 197 -157 -40
24-13_90.png 15 20 197 -157 -40
24-13_180.png 15 20 197 -157 -40
24-13_270.png 15 20 197 -157 -40
24-13_fl.png 15 20 197 -157 -40
24-14.png 15 20 199 -158 -41
24-14_90.png 15 20 199 -158 -41
24-14_180.png 15 20 199 -158 -41
24-14_270.png 15 20 199 -158 -41
24-14_fl.png 15 20 199 -158 -41
24-15.png 15 20 198 -165 -33
24-15_90.png 15 20 198 -165 -33
24-15_180.png 15 20 198 -165 -33
24-15_270.png 15 20 198 -165 -33
24-15_fl.png 15 20 198 -165 -33
25-1.png 20 20 270 -198 -72
25-1_90.png 20 20 270 -198 -72
25-1_180.png 20 20 270 -198 -72
25-1_270.png 20 20 270 -198 -72
25-1_fl.png 20 20 270 -198 -72
25-2.png 20 20 274 -194 -80
25-2_90.png 20 20 274 -194 -80
25-2_180.png 20 20 274 -194 -80
25-2_270.png 20 20 274 -194 -80
25-2_fl.png 20 20 274 -194 -80
25-3.png 20 20 277 -197 -80
25-3_90.png 20 20 277 -197 -80
25-3_180.png 20 20 277 -197 -80
25-3_270.png 20 20 277 -197 -80
25-3_fl.png 20 20 277 -197 -80
25-4.png 20 20 274 -198 -76
25-4_90.png 20 20 274 -198 -76
25-4_180.png 20 20 274 -198 -76
25-4_270.png 20 20 274 -198 -76
25-4_fl.png 20 20 274 -198 -76
25-5.png 20 20 285 -195 -90
25-5_90.png 20 20 285 -195 -90
25-5_180.png 20 20 285 -195 -90
25-5_270.png 20 20 285 -195 -90
25-5_fl.png 20 20 285 -195 -90
25-6.png 20 20 290 -196 -94
25-6_90.png 20 20 290 -196 -94
25-6_180.png 20 20 290 -196 -94
25-6_270.png 20 20 290 -196 -94
25-6_fl.png 20 20 290 -196 -94
25-7.png 20 20 282 -197 -85
25-7_90.png 20 20 282 -197 -85
25-7_180.png 20 20 282 -197 -85
25-7_270.png 20 20 282 -197 -85
25-7_fl.png 20 20 282 -197 -85
25-8.png 20 20 293 -190 -103
25-8_90.png 20 20 293 -190 -103
25-8_180.png 20 20 293 -190 -103
25-8_270.png 20 20 293 -190 -103
25-8_fl.png 20 20 293 -190 -103
25-9.png 20 20 285 -196 -89
25-9_90.png 20 20 285 -196 -89
25-9_180.png 20 20 285 -196 -89
25-9_270.png 20 20 285 -196 -89
25-9_fl.png 20 20 285 -196 -89
25-10.png 20 20 271 -197 -74
25-10_90.png 20 20 271 -197 -74
25-10_180.png 20 20 271 -197 -74
25-10_270.png 20 20 271 -197 -74
25-10_fl.png 20 20 271 -197 -74
25-11.png 20 20 275 -195 -80
25-11_90.png 20 20 275 -195 -80
25-11_180.png 20 20 275 -195 -80
25-11_270.png 20 20 275 -195 -80
25-11_fl.png 20 20 275 -195 -80
25-12.png 20 20 276 -188 -88
25-12_90.png 20 20 276 -188 -88
25-12_180.png 20 20 276 -188 -88
25-12_270.png 20 20 276 -188 -88
25-12_fl.png 20 20 276 -188 -88
25-13.png 20 20 285 -189 -96
25-13_90.png 20 20 285 -189 -96
25-13_180.png 20 20 285 -189 -96
25-13_270.png 20 20 285 -189 -96
25-13_fl.png 20 20 285 -189 -96
25-14.png 20 20 287 -191 -96
25-14_90.png 20 20 287 -191 -96
25-14_180.png 20 20 287 -191 -96
25-14_270.png 20 20 287 -191 -96
25-14_fl.png 20 20 287 -191 -96
25-15.png 20 20 286 -197 -89
25-15_90.png 20 20 286 -197 -89
25-15_180.png 20 20 286 -197 -89
25-15_270.png 20 20 286 -197 -89
25-15_fl.png 20 20 286 -197 -89
