1-1.png 0 0 -288 90 198
1-1_90.png 0 0 -288 90 198
1-1_180.png 0 0 -288 90 198
1-1_270.png 0 0 -288 90 198
1-1_fl.png 0 0 -288 90 198
1-2.png 0 0 -294 105 189
1-2_90.png 0 0 -294 105 189
1-2_180.png 0 0 -294 105 189
1-2_270.png 0 0 -294 105 189
1-2_fl.png 0 0 -294 105 189
1-5.png 0 0 -293 88 205
1-5_90.png 0 0 -293 88 205
1-5_180.png 0 0 -293 88 205
1-5_270.png 0 0 -293 88 205
1-5_fl.png 0 0 -293 88 205
1-8.png 0 0 -302 99 203
1-8_90.png 0 0 -302 99 203
1-8_180.png 0 0 -302 99 203
1-8_270.png 0 0 -302 99 203
1-8_fl.png 0 0 -302 99 203
1-9.png 0 0 -293 105 188
1-9_90.png 0 0 -293 105 188
1-9_180.png 0 0 -293 105 188
1-9_270.png 0 0 -293 105 188
1-9_fl.png 0 0 -293 105 188
3-2.png 10 0 -138 137 1
3-2_90.png 10 0 -138 137 1
3-2_180.png 10 0 -138 137 1
3-2_270.png 10 0 -138 137 1
3-2_fl.png 10 0 -138 137 1
3-5.png 10 0 -132 131 1
3-5_90.png 10 0 -132 131 1
3-5_180.png 10 0 -132 131 1
3-5_270.png 10 0 -132 131 1
3-5_fl.png 10 0 -132 131 1
3-7.png 10 0 -126 126 0
3-7_90.png 10 0 -126 126 0
3-7_180.png 10 0 -126 126 0
3-7_270.png 10 0 -126 126 0
3-7_fl.png 10 0 -126 126 0
3-8.png 10 0 -122 121 1
3-8_90.png 10 0 -122 121 1
3-8_180.png 10 0 -122 121 1
3-8_270.png 10 0 -122 121 1
3-8_fl.png 10 0 -122 121 1
3-12.png 10 0 -122 121 1
3-12_90.png 10 0 -122 121 1
3-12_180.png 10 0 -122 121 1
3-12_270.png 10 0 -122 121 1
3-12_fl.png 10 0 -122 121 1
4-1.png 15 0 -43 140 -97
4-1_90.png 15 0 -43 140 -97
4-1_180.png 15 0 -43 140 -97
4-1_270.png 15 0 -43 140 -97
4-1_fl.png 15 0 -43 140 -97
4-5.png 15 0 -72 170 -98
4-5_90.png 15 0 -72 170 -98
4-5_180.png 15 0 -72 170 -98
4-5_270.png 15 0 -72 170 -98
4-5_fl.png 15 0 -72 170 -98
4-8.png 15 0 -62 161 -99
4-8_90.png 15 0 -62 161 -99
4-8_180.png 15 0 -62 161 -99
4-8_270.png 15 0 -62 161 -99
4-8_fl.png 15 0 -62 161 -99
4-11.png 15 0 -63 165 -102
4-11_90.png 15 0 -63 165 -102
4-11_180.png 15 0 -63 165 -102
4-11_270.png 15 0 -63 165 -102
4-11_fl.png 15 0 -63 165 -102
4-15.png 15 0 -66 165 -99
4-15_90.png 15 0 -66 165 -99
4-15_180.png 15 0 -66 165 -99
4-15_270.png 15 0 -66 165 -99
4-15_fl.png 15 0 -66 165 -99
5-1.png 20 0 7 182 -189
5-1_90.png 20 0 7 182 -189
5-1_180.png 20 0 7 182 -189
5-1_270.png 20 0 7 182 -189
5-1_fl.png 20 0 7 182 -189
5-7.png 20 0 21 173 -194
5-7_90.png 20 0 21 173 -194
5-7_180.png 20 0 21 173 -194
5-7_270.png 20 0 21 173 -194
5-7_fl.png 20 0 21 173 -194
5-11.png 20 0 2 194 -196
5-11_90.png 20 0 2 194 -196
5-11_180.png 20 0 2 194 -196
5-11_270.png 20 0 2 194 -196
5-11_fl.png 20 0 2 194 -196
5-13.png 20 0 5 193 -198
5-13_90.png 20 0 5 193 -198
5-13_180.png 20 0 5 193 -198
5-13_270.png 20 0 5 193 -198
5-13_fl.png 20 0 5 193 -198
5-15.png 20 0 -4 193 -189
5-15_90.png 20 0 -4 193 -189
5-15_180.png 20 0 -4 193 -189
5-15_270.png 20 0 -4 193 -189
5-15_fl.png 20 0 -4 193 -189
6-2.png 0 5 -204 48 156
6-2_90.png 0 5 -204 48 156
6-2_180.png 0 5 -204 48 156
6-2_270.png 0 5 -204 48 156
6-2_fl.png 0 5 -204 48 156
6-4.png 0 5 -207 55 152
6-4_90.png 0 5 -207 55 152
6-4_180.png 0 5 -207 55 152
6-4_270.png 0 5 -207 55 152
6-4_fl.png 0 5 -207 55 152
6-6.png 0 5 -210 53 157
6-6_90.png 0 5 -210 53 157
6-6_180.png 0 5 -210 53 157
6-6_270.png 0 5 -210 53 157
6-6_fl.png 0 5 -210 53 157
6-10.png 0 5 -214 50 164
6-10_90.png 0 5 -214 50 164
6-10_180.png 0 5 -214 50 164
6-10_270.png 0 5 -214 50 164
6-10_fl.png 0 5 -214 50 164
6-11.png 0 5 -214 50 164
6-11_90.png 0 5 -214 50 164
6-11_180.png 0 5 -214 50 164
6-11_270.png 0 5 -214 50 164
6-11_fl.png 0 5 -214 50 164
7-7.png 5 5 -147 71 76
7-7_90.png 5 5 -147 71 76
7-7_180.png 5 5 -147 71 76
7-7_270.png 5 5 -147 71 76
7-7_fl.png 5 5 -147 71 76
7-9.png 5 5 -148 72 76
7-9_90.png 5 5 -148 72 76
7-9_180.png 5 5 -148 72 76
7-9_270.png 5 5 -148 72 76
7-9_fl.png 5 5 -148 72 76
7-10.png 5 5 -145 59 86
7-10_90.png 5 5 -145 59 86
7-10_180.png 5 5 -145 59 86
7-10_270.png 5 5 -145 59 86
7-10_fl.png 5 5 -145 59 86
7-11.png 5 5 -145 61 84
7-11_90.png 5 5 -145 61 84
7-11_180.png 5 5 -145 61 84
7-11_270.png 5 5 -145 61 84
7-11_fl.png 5 5 -145 61 84
7-12.png 5 5 -145 60 85
7-12_90.png 5 5 -145 60 85
7-12_180.png 5 5 -145 60 85
7-12_270.png 5 5 -145 60 85
7-12_fl.png 5 5 -145 60 85
9-1.png 15 5 0 75 -75
9-1_90.png 15 5 0 75 -75
9-1_180.png 15 5 0 75 -75
9-1_270.png 15 5 0 75 -75
9-1_fl.png 15 5 0 75 -75
9-6.png 15 5 7 78 -85
9-6_90.png 15 5 7 78 -85
9-6_180.png 15 5 7 78 -85
9-6_270.png 15 5 7 78 -85
9-6_fl.png 15 5 7 78 -85
9-10.png 15 5 -1 81 -80
9-10_90.png 15 5 -1 81 -80
9-10_180.png 15 5 -1 81 -80
9-10_270.png 15 5 -1 81 -80
9-10_fl.png 15 5 -1 81 -80
9-12.png 15 5 -4 81 -77
9-12_90.png 15 5 -4 81 -77
9-12_180.png 15 5 -4 81 -77
9-12_270.png 15 5 -4 81 -77
9-12_fl.png 15 5 -4 81 -77
9-14.png 15 5 1 81 -82
9-14_90.png 15 5 1 81 -82
9-14_180.png 15 5 1 81 -82
9-14_270.png 15 5 1 81 -82
9-14_fl.png 15 5 1 81 -82
10-2.png 20 5 56 93 -149
10-2_90.png 20 5 56 93 -149
10-2_180.png 20 5 56 93 -149
10-2_270.png 20 5 56 93 -149
10-2_fl.png 20 5 56 93 -149
10-4.png 20 5 63 85 -148
10-4_90.png 20 5 63 85 -148
10-4_180.png 20 5 63 85 -148
10-4_270.png 20 5 63 85 -148
10-4_fl.png 20 5 63 85 -148
10-7.png 20 5 56 93 -149
10-7_90.png 20 5 56 93 -149
10-7_180.png 20 5 56 93 -149
10-7_270.png 20 5 56 93 -149
10-7_fl.png 20 5 56 93 -149
10-12.png 20 5 57 85 -142
10-12_90.png 20 5 57 85 -142
10-12_180.png 20 5 57 85 -142
10-12_270.png 20 5 57 85 -142
10-12_fl.png 20 5 57 85 -142
10-14.png 20 5 62 86 -148
10-14_90.png 20 5 62 86 -148
10-14_180.png 20 5 62 86 -148
10-14_270.png 20 5 62 86 -148
10-14_fl.png 20 5 62 86 -148
11-6.png 0 10 -131 1 130
11-6_90.png 0 10 -131 1 130
11-6_180.png 0 10 -131 1 130
11-6_270.png 0 10 -131 1 130
11-6_fl.png 0 10 -131 1 130
11-7.png 0 10 -132 -1 133
11-7_90.png 0 10 -132 -1 133
11-7_180.png 0 10 -132 -1 133
11-7_270.png 0 10 -132 -1 133
11-7_fl.png 0 10 -132 -1 133
11-8.png 0 10 -133 7 126
11-8_90.png 0 10 -133 7 126
11-8_180.png 0 10 -133 7 126
11-8_270.png 0 10 -133 7 126
11-8_fl.png 0 10 -133 7 126
11-9.png 0 10 -131 -1 132
11-9_90.png 0 10 -131 -1 132
11-9_180.png 0 10 -131 -1 132
11-9_270.png 0 10 -131 -1 132
11-9_fl.png 0 10 -131 -1 132
11-11.png 0 10 -136 11 125
11-11_90.png 0 10 -136 11 125
11-11_180.png 0 10 -136 11 125
11-11_270.png 0 10 -136 11 125
11-11_fl.png 0 10 -136 11 125
13-2.png 10 10 3 -2 -1
13-2_90.png 10 10 3 -2 -1
13-2_180.png 10 10 3 -2 -1
13-2_270.png 10 10 3 -2 -1
13-2_fl.png 10 10 3 -2 -1
13-3.png 10 10 -1 -1 2
13-3_90.png 10 10 -1 -1 2
13-3_180.png 10 10 -1 -1 2
13-3_270.png 10 10 -1 -1 2
13-3_fl.png 10 10 -1 -1 2
13-6.png 10 10 4 -4 0
13-6_90.png 10 10 4 -4 0
13-6_180.png 10 10 4 -4 0
13-6_270.png 10 10 4 -4 0
13-6_fl.png 10 10 4 -4 0
13-9.png 10 10 0 -2 2
13-9_90.png 10 10 0 -2 2
13-9_180.png 10 10 0 -2 2
13-9_270.png 10 10 0 -2 2
13-9_fl.png 10 10 0 -2 2
13-10.png 10 10 -2 2 0
13-10_90.png 10 10 -2 2 0
13-10_180.png 10 10 -2 2 0
13-10_270.png 10 10 -2 2 0
13-10_fl.png 10 10 -2 2 0
15-1.png 20 10 72 -1 -71
15-1_90.png 20 10 72 -1 -71
15-1_180.png 20 10 72 -1 -71
15-1_270.png 20 10 72 -1 -71
15-1_fl.png 20 10 72 -1 -71
15-5.png 20 10 135 0 -135
15-5_90.png 20 10 135 0 -135
15-5_180.png 20 10 135 0 -135
15-5_270.png 20 10 135 0 -135
15-5_fl.png 20 10 135 0 -135
15-6.png 20 10 138 -7 -131
15-6_90.png 20 10 138 -7 -131
15-6_180.png 20 10 138 -7 -131
15-6_270.png 20 10 138 -7 -131
15-6_fl.png 20 10 138 -7 -131
15-9.png 20 10 132 0 -132
15-9_90.png 20 10 132 0 -132
15-9_180.png 20 10 132 0 -132
15-9_270.png 20 10 132 0 -132
15-9_fl.png 20 10 132 0 -132
15-14.png 20 10 130 0 -130
15-14_90.png 20 10 130 0 -130
15-14_180.png 20 10 130 0 -130
15-14_270.png 20 10 130 0 -130
15-14_fl.png 20 10 130 0 -130
17-1.png 5 15 -2 -49 51
17-1_90.png 5 15 -2 -49 51
17-1_180.png 5 15 -2 -49 51
17-1_270.png 5 15 -2 -49 51
17-1_fl.png 5 15 -2 -49 51
17-2.png 5 15 -2 -51 53
17-2_90.png 5 15 -2 -51 53
17-2_180.png 5 15 -2 -51 53
17-2_270.png 5 15 -2 -51 53
17-2_fl.png 5 15 -2 -51 53
17-10.png 5 15 0 -49 49
17-10_90.png 5 15 0 -49 49
17-10_180.png 5 15 0 -49 49
17-10_270.png 5 15 0 -49 49
17-10_fl.png 5 15 0 -49 49
17-11.png 5 15 0 -53 53
17-11_90.png 5 15 0 -53 53
17-11_180.png 5 15 0 -53 53
17-11_270.png 5 15 0 -53 53
17-11_fl.png 5 15 0 -53 53
17-14.png 5 15 -1 -53 54
17-14_90.png 5 15 -1 -53 54
17-14_180.png 5 15 -1 -53 54
17-14_270.png 5 15 -1 -53 54
17-14_fl.png 5 15 -1 -53 54
18-9.png 10 15 66 -59 -7
18-9_90.png 10 15 66 -59 -7
18-9_180.png 10 15 66 -59 -7
18-9_270.png 10 15 66 -59 -7
18-9_fl.png 10 15 66 -59 -7
18-11.png 10 15 68 -62 -6
18-11_90.png 10 15 68 -62 -6
18-11_180.png 10 15 68 -62 -6
18-11_270.png 10 15 68 -62 -6
18-11_fl.png 10 15 68 -62 -6
18-12.png 10 15 76 -76 0
18-12_90.png 10 15 76 -76 0
18-12_180.png 10 15 76 -76 0
18-12_270.png 10 15 76 -76 0
18-12_fl.png 10 15 76 -76 0
18-13.png 10 15 78 -61 -17
18-13_90.png 10 15 78 -61 -17
18-13_180.png 10 15 78 -61 -17
18-13_270.png 10 15 78 -61 -17
18-13_fl.png 10 15 78 -61 -17
18-15.png 10 15 68 -62 -6
18-15_90.png 10 15 68 -62 -6
18-15_180.png 10 15 68 -62 -6
18-15_270.png 10 15 68 -62 -6
18-15_fl.png 10 15 68 -62 -6
19-2.png 15 15 141 -78 -63
19-2_90.png 15 15 141 -78 -63
19-2_180.png 15 15 141 -78 -63
19-2_270.png 15 15 141 -78 -63
19-2_fl.png 15 15 141 -78 -63
19-4.png 15 15 133 -75 -58
19-4_90.png 15 15 133 -75 -58
19-4_180.png 15 15 133 -75 -58
19-4_270.png 15 15 133 -75 -58
19-4_fl.png 15 15 133 -75 -58
19-13.png 15 15 142 -77 -65
19-13_90.png 15 15 142 -77 -65
19-13_180.png 15 15 142 -77 -65
19-13_270.png 15 15 142 -77 -65
19-13_fl.png 15 15 142 -77 -65
19-14.png 15 15 145 -89 -56
19-14_90.png 15 15 145 -89 -56
19-14_180.png 15 15 145 -89 -56
19-14_270.png 15 15 145 -89 -56
19-14_fl.png 15 15 145 -89 -56
19-15.png 15 15 146 -78 -68
19-15_90.png 15 15 146 -78 -68
19-15_180.png 15 15 146 -78 -68
19-15_270.png 15 15 146 -78 -68
19-15_fl.png 15 15 146 -78 -68
20-3.png 20 15 205 -109 -96
20-3_90.png 20 15 205 -109 -96
20-3_180.png 20 15 205 -109 -96
20-3_270.png 20 15 205 -109 -96
20-3_fl.png 20 15 205 -109 -96
20-5.png 20 15 204 -110 -94
20-5_90.png 20 15 204 -110 -94
20-5_180.png 20 15 204 -110 -94
20-5_270.png 20 15 204 -110 -94
20-5_fl.png 20 15 204 -110 -94
20-10.png 20 15 204 -107 -97
20-10_90.png 20 15 204 -107 -97
20-10_180.png 20 15 204 -107 -97
20-10_270.png 20 15 204 -107 -97
20-10_fl.png 20 15 204 -107 -97
20-11.png 20 15 199 -116 -83
20-11_90.png 20 15 199 -116 -83
20-11_180.png 20 15 199 -116 -83
20-11_270.png 20 15 199 -116 -83
20-11_fl.png 20 15 199 -116 -83
20-14.png 20 15 205 -95 -110
20-14_90.png 20 15 205 -95 -110
20-14_180.png 20 15 205 -95 -110
20-14_270.png 20 15 205 -95 -110
20-14_fl.png 20 15 205 -95 -110
21-1.png 0 20 -10 -84 94
21-1_90.png 0 20 -10 -84 94
21-1_180.png 0 20 -10 -84 94
21-1_270.png 0 20 -10 -84 94
21-1_fl.png 0 20 -10 -84 94
21-3.png 0 20 -4 -92 96
21-3_90.png 0 20 -4 -92 96
21-3_180.png 0 20 -4 -92 96
21-3_270.png 0 20 -4 -92 96
21-3_fl.png 0 20 -4 -92 96
21-12.png 0 20 -4 -88 92
21-12_90.png 0 20 -4 -88 92
21-12_180.png 0 20 -4 -88 92
21-12_270.png 0 20 -4 -88 92
21-12_fl.png 0 20 -4 -88 92
21-14.png 0 20 -4 -80 84
21-14_90.png 0 20 -4 -80 84
21-14_180.png 0 20 -4 -80 84
21-14_270.png 0 20 -4 -80 84
21-14_fl.png 0 20 -4 -80 84
21-15.png 0 20 -7 -70 77
21-15_90.png 0 20 -7 -70 77
21-15_180.png 0 20 -7 -70 77
21-15_270.png 0 20 -7 -70 77
21-15_fl.png 0 20 -7 -70 77
22-1.png 5 20 60 -92 32
22-1_90.png 5 20 60 -92 32
22-1_180.png 5 20 60 -92 32
22-1_270.png 5 20 60 -92 32
22-1_fl.png 5 20 60 -92 32
22-3.png 5 20 46 -91 45
22-3_90.png 5 20 46 -91 45
22-3_180.png 5 20 46 -91 45
22-3_270.png 5 20 46 -91 45
22-3_fl.png 5 20 46 -91 45
22-8.png 5 20 53 -94 41
22-8_90.png 5 20 53 -94 41
22-8_180.png 5 20 53 -94 41
22-8_270.png 5 20 53 -94 41
22-8_fl.png 5 20 53 -94 41
22-11.png 5 20 53 -94 41
22-11_90.png 5 20 53 -94 41
22-11_180.png 5 20 53 -94 41
22-11_270.png 5 20 53 -94 41
22-11_fl.png 5 20 53 -94 41
22-13.png 5 20 59 -93 34
22-13_90.png 5 20 59 -93 34
22-13_180.png 5 20 59 -93 34
22-13_270.png 5 20 59 -93 34
22-13_fl.png 5 20 59 -93 34
24-1.png 15 20 199 -155 -44
24-1_90.png 15 20 199 -155 -44
24-1_180.png 15 20 199 -155 -44
24-1_270.png 15 20 199 -155 -44
24-1_fl.png 15 20 199 -155 -44
24-9.png 15 20 196 -156 -40
24-9_90.png 15 20 196 -156 -40
24-9_180.png 15 20 196 -156 -40
24-9_270.png 15 20 196 -156 -40
24-9_fl.png 15 20 196 -156 -40
24-13.png 15 20 197 -157 -40
24-13_90.png 15 20 197 -157 -40
24-13_180.png 15 20 197 -157 -40
24-13_270.png 15 20 197 -157 -40
24-13_fl.png 15 20 197 -157 -40
24-14.png 15 20 199 -158 -41
24-14_90.png 15 20 199 -158 -41
24-14_180.png 15 20 199 -158 -41
24-14_270.png 15 20 199 -158 -41
24-14_fl.png 15 20 199 -158 -41
24-15.png 15 20 198 -165 -33
24-15_90.png 15 20 198 -165 -33
24-15_180.png 15 20 198 -165 -33
24-15_270.png 15 20 198 -165 -33
24-15_fl.png 15 20 198 -165 -33
25-1.png 20 20 270 -198 -72
25-1_90.png 20 20 270 -198 -72
25-1_180.png 20 20 270 -198 -72
25-1_270.png 20 20 270 -198 -72
25-1_fl.png 20 20 270 -198 -72
25-4.png 20 20 274 -198 -76
25-4_90.png 20 20 274 -198 -76
25-4_180.png 20 20 274 -198 -76
25-4_270.png 20 20 274 -198 -76
25-4_fl.png 20 20 274 -198 -76
25-6.png 20 20 290 -196 -94
25-6_90.png 20 20 290 -196 -94
25-6_180.png 20 20 290 -196 -94
25-6_270.png 20 20 290 -196 -94
25-6_fl.png 20 20 290 -196 -94
25-7.png 20 20 282 -197 -85
25-7_90.png 20 20 282 -197 -85
25-7_180.png 20 20 282 -197 -85
25-7_270.png 20 20 282 -197 -85
25-7_fl.png 20 20 282 -197 -85
25-8.png 20 20 293 -190 -103
25-8_90.png 20 20 293 -190 -103
25-8_180.png 20 20 293 -190 -103
25-8_270.png 20 20 293 -190 -103
25-8_fl.png 20 20 293 -190 -103
