-288 90 198
-294 105 189
-294 97 197
-295 106 189
-293 88 205
-295 91 204
-292 96 196
-302 99 203
-293 105 188
-293 89 204
-293 105 188
-294 104 190
-286 98 188
-309 111 198
-299 95 204
-206 104 102
-205 90 115
-213 97 116
-210 96 114
-221 106 115
-214 106 108
-214 103 111
-214 106 108
-214 106 108
-218 108 110
-206 98 108
-206 97 109
-217 102 115
-216 102 114
-219 105 114
-125 121 4
-138 137 1
-138 138 0
-123 139 -16
-132 131 1
-131 131 0
-126 126 0
-122 121 1
-136 136 0
-127 131 -4
-134 132 2
-122 121 1
-129 133 -4
-129 133 -4
-126 126 0
-43 140 -97
-66 159 -93
-65 163 -98
-52 158 -106
-72 170 -98
-77 164 -87
-71 164 -93
-62 161 -99
-69 162 -93
-60 150 -90
-63 165 -102
-60 161 -101
-65 159 -94
-64 164 -100
-66 165 -99
7 182 -189
8 190 -198
10 187 -197
-3 193 -190
14 188 -202
6 192 -198
21 173 -194
-3 193 -190
-1 191 -190
0 182 -182
2 194 -196
0 178 -178
5 193 -198
11 191 -202
-4 193 -189
-206 56 150
-204 48 156
-210 47 163
-207 55 152
-205 41 164
-210 53 157
-210 46 164
-213 55 158
-213 49 164
-214 50 164
-214 50 164
-213 56 157
-202 62 140
-219 64 155
-208 52 156
-147 73 74
-145 60 85
-146 64 82
-146 61 85
-127 49 78
-148 58 90
-147 71 76
-142 48 94
-148 72 76
-145 59 86
-145 61 84
-145 60 85
-145 58 87
-147 55 92
-145 60 85
-58 59 -1
-67 65 2
-60 55 5
-70 70 0
-70 66 4
-69 69 0
-73 70 3
-71 66 5
-61 57 4
-80 76 4
-76 72 4
-60 58 2
-69 70 -1
-69 65 4
-59 68 -9
0 75 -75
4 76 -80
1 82 -83
20 79 -99
0 81 -81
7 78 -85
17 78 -95
6 75 -81
12 63 -75
-1 81 -80
-2 82 -80
-4 81 -77
6 76 -82
1 81 -82
7 76 -83
55 86 -141
56 93 -149
56 93 -149
63 85 -148
51 98 -149
57 85 -142
56 93 -149
81 93 -174
53 88 -141
43 98 -141
59 89 -148
57 85 -142
51 97 -148
62 86 -148
76 94 -170
-130 12 118
-134 9 125
-132 -4 136
-133 8 125
-124 -1 125
-131 1 130
-132 -1 133
-133 7 126
-131 -1 132
-133 9 124
-136 11 125
-131 6 125
-117 12 105
-106 1 105
-131 -2 133
-76 17 59
-73 12 61
-68 -1 69
-67 -2 69
-73 4 69
-67 -1 68
-69 2 67
-62 -7 69
-66 4 62
-69 7 62
-76 15 61
-69 0 69
-73 12 61
-66 5 61
-68 8 60
-1 0 1
3 -2 -1
-1 -1 2
-2 0 2
8 -2 -6
4 -4 0
-4 3 1
-2 0 2
0 -2 2
-2 2 0
0 -7 7
2 0 -2
-2 -5 7
-1 0 1
-1 0 1
67 0 -67
68 -6 -62
77 0 -77
68 -4 -64
68 0 -68
78 -2 -76
68 1 -69
68 0 -68
68 0 -68
67 -5 -62
75 1 -76
77 0 -77
74 0 -74
78 0 -78
67 0 -67
72 -1 -71
133 0 -133
132 0 -132
134 -14 -120
135 0 -135
138 -7 -131
132 0 -132
132 0 -132
132 0 -132
127 0 -127
118 -2 -116
129 0 -129
133 0 -133
130 0 -130
139 0 -139
-62 -44 106
-61 -41 102
-62 -32 94
-46 -58 104
-56 -38 94
-58 -40 98
-65 -45 110
-54 -48 102
-54 -39 93
-46 -52 98
-63 -39 102
-45 -60 105
-56 -50 106
-29 -62 91
-68 -34 102
-2 -49 51
-2 -51 53
8 -41 33
0 -59 59
-1 -54 55
1 -49 48
1 -49 48
3 -61 58
19 -61 42
0 -49 49
0 -53 53
-1 -53 54
0 -54 54
-1 -53 54
0 -50 50
79 -69 -10
68 -68 0
74 -62 -12
74 -62 -12
68 -61 -7
74 -59 -15
84 -70 -14
74 -60 -14
66 -59 -7
70 -70 0
68 -62 -6
76 -76 0
78 -61 -17
74 -67 -7
68 -62 -6
140 -84 -56
141 -78 -63
140 -85 -55
133 -75 -58
132 -75 -57
140 -90 -50
139 -73 -66
141 -76 -65
142 -90 -52
140 -78 -62
141 -74 -67
134 -76 -58
142 -77 -65
145 -89 -56
146 -78 -68
206 -114 -92
205 -109 -96
205 -109 -96
205 -94 -111
204 -110 -94
205 -111 -94
198 -107 -91
205 -93 -112
206 -94 -112
204 -107 -97
199 -116 -83
203 -112 -91
212 -94 -118
205 -95 -110
210 -113 -97
-10 -84 94
-8 -73 81
-4 -92 96
-12 -74 86
-6 -87 93
1 -99 98
-1 -87 88
-3 -91 94
0 -100 100
-3 -81 84
2 -94 92
-4 -88 92
-5 -79 84
-4 -80 84
-7 -70 77
60 -92 32
54 -102 48
46 -91 45
50 -93 43
53 -107 54
60 -108 48
52 -109 57
53 -94 41
53 -113 60
54 -98 44
53 -94 41
53 -106 53
59 -93 34
61 -110 49
53 -94 41
132 -131 -1
130 -131 1
133 -133 0
134 -125 -9
118 -130 12
126 -124 -2
133 -133 0
118 -126 8
134 -132 -2
126 -133 7
127 -130 3
135 -134 -1
132 -131 -1
127 -133 6
133 -133 0
199 -155 -44
198 -157 -41
205 -162 -43
205 -158 -47
197 -157 -40
205 -157 -48
236 -165 -71
203 -164 -39
196 -156 -40
202 -163 -39
198 -155 -43
198 -156 -42
197 -157 -40
199 -158 -41
198 -165 -33
270 -198 -72
274 -194 -80
277 -197 -80
274 -198 -76
285 -195 -90
290 -196 -94
282 -197 -85
293 -190 -103
285 -196 -89
271 -197 -74
275 -195 -80
276 -188 -88
285 -189 -96
287 -191 -96
286 -197 -89
