-348 137 211
-334 66 268
-341 138 203
-327 146 181
-377 156 221
-346 143 203
-318 96 222
-331 0 331
-145 -59 204
-319 285 34
-174 -93 267
-329 56 273
-317 115 202
-299 87 212
-343 66 277
-254 131 123
-245 119 126
-235 120 115
-252 131 121
-250 118 132
-298 166 132
-253 129 124
-261 152 109
-244 138 106
-394 285 109
-231 100 131
-236 129 107
-363 245 118
-247 138 109
-253 106 147
-138 120 18
-158 158 0
-173 173 0
-139 154 -15
-131 137 -6
-124 138 -14
-141 151 -10
-143 159 -16
-138 147 -9
-57 141 -84
-143 159 -16
-158 153 5
-113 139 -26
-117 139 -22
-118 139 -21
-36 174 -138
-46 168 -122
-11 197 -186
-36 172 -136
-65 174 -109
-72 199 -127
-64 172 -108
-38 170 -132
-44 170 -126
-31 147 -116
-44 150 -106
-51 170 -119
-46 157 -111
-50 166 -116
-41 161 -120
81 190 -271
73 178 -251
58 202 -260
46 191 -237
54 201 -255
36 199 -235
36 205 -241
36 202 -238
2 200 -202
-4 202 -198
0 213 -213
11 202 -213
49 235 -284
20 202 -222
-6 212 -206
-285 89 196
-297 133 164
-231 52 179
-218 162 56
-222 57 165
-247 83 164
-219 33 186
-205 47 158
-221 56 165
-205 25 180
-251 11 240
-253 89 164
-246 64 182
-2 -155 157
-212 47 165
-140 66 74
-138 40 98
-158 65 93
-154 56 98
-170 79 91
-186 74 112
-170 79 91
-172 41 131
-170 92 78
-157 68 89
-157 40 117
-158 67 91
-148 50 98
-150 55 95
-139 48 91
-62 74 -12
-52 66 -14
-64 76 -12
-55 69 -14
-83 86 -3
-66 67 -1
-76 86 -10
-63 57 6
-44 60 -16
-65 58 7
-57 77 -20
-54 66 -12
-61 82 -21
-65 74 -9
-68 64 4
56 72 -128
19 72 -91
21 80 -101
-6 99 -93
33 91 -124
9 76 -85
57 62 -119
33 71 -104
14 76 -90
2 88 -90
32 92 -124
33 78 -111
29 70 -99
29 77 -106
30 66 -96
69 97 -166
91 93 -184
168 101 -269
159 76 -235
40 159 -199
94 78 -172
93 94 -187
107 121 -228
65 92 -157
137 107 -244
68 89 -157
128 106 -234
82 109 -191
111 108 -219
189 93 -282
-140 16 124
-133 10 123
-138 13 125
-192 54 138
-141 26 115
-153 31 122
-152 30 122
-125 2 123
-136 -12 148
-140 16 124
-141 3 138
-126 5 121
-151 -29 180
-118 -15 133
-148 -1 149
-74 18 56
-60 -15 75
-74 -3 77
-90 9 81
-77 47 30
-94 18 76
-38 -23 61
-71 -13 84
-68 -8 76
-57 -24 81
-61 1 60
-61 -1 62
-90 8 82
-75 5 70
-77 15 62
22 0 -22
18 -5 -13
10 9 -19
32 -1 -31
9 0 -9
14 -6 -8
26 -4 -22
5 16 -21
2 11 -13
-26 26 0
22 0 -22
11 -10 -1
-1 12 -11
13 -6 -7
-5 5 0
91 0 -91
107 0 -107
74 -12 -62
93 0 -93
91 -5 -86
72 4 -76
75 0 -75
94 0 -94
74 13 -87
92 0 -92
78 0 -78
66 10 -76
75 0 -75
74 0 -74
78 0 -78
143 3 -146
156 0 -156
165 0 -165
138 0 -138
142 0 -142
158 -6 -152
139 0 -139
154 0 -154
161 0 -161
133 0 -133
124 -4 -120
156 0 -156
141 0 -141
170 -2 -168
154 0 -154
-75 -42 117
-74 -36 110
-69 -33 102
-59 -57 116
-57 -55 112
-54 -47 101
-60 -74 134
-65 -44 109
-55 -53 108
-60 -56 116
-74 -60 134
-58 -49 107
-59 -70 129
-61 -40 101
-60 -47 107
5 -61 56
-4 -61 65
7 -60 53
11 -60 49
9 -57 48
0 -59 59
18 -61 43
8 -67 59
-3 -49 52
0 -55 55
-2 -57 59
-14 -45 59
0 -60 60
11 -61 50
20 -61 41
89 -76 -13
83 -70 -13
75 -60 -15
87 -60 -27
91 -61 -30
98 -75 -23
90 -82 -8
77 -77 0
41 -58 17
74 -76 2
87 -59 -28
75 -75 0
76 -78 2
77 -75 -2
78 -60 -18
153 -95 -58
144 -90 -54
158 -87 -71
171 -98 -73
153 -71 -82
146 -87 -59
142 -98 -44
148 -73 -75
158 -96 -62
175 -98 -77
167 -70 -97
145 -93 -52
180 -75 -105
177 -98 -79
181 -76 -105
102 -116 14
220 -107 -113
218 -104 -114
251 -109 -142
205 -114 -91
220 -107 -113
218 -105 -113
250 -107 -143
235 -104 -131
214 -108 -106
220 -109 -111
222 -115 -107
214 -108 -106
238 -108 -130
213 -111 -102
2 -98 96
3 -89 86
2 -122 120
-5 -110 115
1 -90 89
23 -101 78
20 -94 74
11 -84 73
13 -115 102
-1 -94 95
16 -96 80
4 -90 86
2 -85 83
0 -80 80
-3 -89 92
47 -79 32
60 -107 47
62 -114 52
74 -122 48
58 -103 45
78 -110 32
63 -115 52
72 -102 30
41 -94 53
61 -106 45
55 -98 43
63 -107 44
58 -111 53
71 -105 34
71 -123 52
142 -125 -17
140 -124 -16
137 -128 -9
134 -134 0
140 -122 -18
141 -138 -3
141 -144 3
142 -124 -18
142 -134 -8
139 -139 0
141 -133 -8
141 -138 -3
138 -133 -5
126 -133 7
136 -152 16
205 -161 -44
200 -149 -51
214 -165 -49
237 -152 -85
222 -162 -60
206 -152 -54
222 -180 -42
233 -179 -54
263 -154 -109
212 -169 -43
242 -150 -92
206 -155 -51
232 -173 -59
237 -155 -82
250 -152 -98
302 -206 -96
298 -195 -103
293 -197 -96
295 -190 -105
321 -197 -124
301 -198 -103
293 -196 -97
313 -217 -96
294 -202 -92
283 -194 -89
320 -210 -110
300 -203 -97
318 -202 -116
311 -200 -111
312 -200 -112
