-288 83 205 
-289 83 206 
-289 83 206 
-289 83 206 
-292 81 211 
-289 89 200 
-291 86 205 
-296 89 207 
-288 87 201 
-288 82 206 
-297 90 207 
-289 83 206 
-291 90 201 
-292 89 203 
-301 89 212 
-208 101 107 
-209 100 109 
-212 100 112 
-210 101 109 
-210 101 109 
-215 100 115 
-210 101 109 
-211 101 110 
-210 100 110 
-216 101 115 
-210 102 108 
-211 101 110 
-211 103 108 
-211 101 110 
-210 101 109 
-129 126 3 
-128 125 3 
-126 126 0 
-130 126 4 
-128 127 1 
-127 127 0 
-133 126 7 
-131 126 5 
-127 127 0 
-129 132 -3 
-130 126 4 
-130 127 3 
-133 126 7 
-132 124 8 
-132 125 7 
-60 154 -94 
-64 157 -93 
-64 157 -93 
-65 158 -93 
-64 157 -93 
-65 157 -92 
-64 157 -93 
-61 154 -93 
-60 157 -97 
-58 153 -95 
-64 157 -93 
-62 155 -93 
-61 154 -93 
-63 157 -94 
-64 157 -93 
1 187 -188 
0 196 -196 
17 189 -206 
2 192 -194 
3 187 -190 
4 192 -196 
1 186 -187 
1 187 -188 
1 186 -187 
1 185 -186 
-1 192 -191 
1 189 -190 
1 192 -193 
1 194 -195 
1 187 -188 
-212 48 164 
-209 52 157 
-210 51 159 
-208 50 158 
-210 51 159 
-209 51 158 
-208 49 159 
-208 50 158 
-209 50 159 
-210 51 159 
-209 50 159 
-209 51 158 
-205 51 154 
-207 50 157 
-207 51 156 
-142 59 83 
-144 58 86 
-146 60 86 
-146 59 87 
-144 58 86 
-144 55 89 
-149 60 89 
-148 56 92 
-148 59 89 
-145 58 87 
-145 57 88 
-145 59 86 
-145 59 86 
-147 60 87 
-144 58 86 
-73 69 4 
-69 68 1 
-78 69 9 
-75 70 5 
-75 69 6 
-69 65 4 
-71 67 4 
-76 69 7 
-74 68 6 
-77 70 7 
-71 68 3 
-74 69 5 
-76 71 5 
-75 69 6 
-75 69 6 
-5 86 -81 
0 82 -82 
-4 86 -82 
-4 84 -80 
-3 84 -81 
-6 84 -78 
4 80 -84 
-3 84 -81 
-1 81 -80 
-2 82 -80 
-2 83 -81 
-1 83 -82 
-2 85 -83 
1 83 -84 
-2 86 -84 
57 89 -146 
61 88 -149 
58 91 -149 
59 87 -146 
63 91 -154 
59 87 -146 
59 88 -147 
65 89 -154 
59 87 -146 
58 92 -150 
61 87 -148 
59 89 -148 
58 90 -148 
57 90 -147 
65 91 -156 
-129 3 126 
-129 3 126 
-133 3 130 
-128 0 128 
-126 -1 127 
-127 3 124 
-132 3 129 
-129 0 129 
-125 -2 127 
-127 3 124 
-129 3 126 
-131 3 128 
-126 3 123 
-127 -2 129 
-126 3 123 
-71 3 68 
-72 2 70 
-70 3 67 
-67 2 65 
-66 -3 69 
-67 2 65 
-64 -3 67 
-68 0 68 
-65 -3 68 
-64 0 64 
-71 4 67 
-71 0 71 
-71 5 66 
-65 2 63 
-67 3 64 
-1 2 -1 
4 -6 2 
-1 0 1 
-2 0 2 
4 -4 0 
4 -7 3 
1 -1 0 
-2 0 2 
-1 1 0 
-2 1 1 
-5 3 2 
1 -1 0 
-2 -1 3 
0 1 -1 
0 1 -1 
73 -5 -68 
68 -3 -65 
70 -5 -65 
67 -4 -63 
68 -4 -64 
66 -2 -64 
68 -2 -66 
67 -4 -63 
69 -4 -65 
67 -3 -64 
66 -2 -64 
71 -4 -67 
69 -5 -64 
65 -6 -59 
66 -1 -65 
130 -11 -119 
127 -11 -116 
126 -9 -117 
128 -10 -118 
128 -8 -120 
130 -13 -117 
126 -9 -117 
127 -10 -117 
126 -11 -115 
127 -9 -118 
124 -6 -118 
128 -11 -117 
127 -11 -116 
130 -9 -121 
128 -12 -116 
-64 -40 104 
-62 -44 106 
-62 -40 102 
-57 -45 102 
-60 -41 101 
-61 -45 106 
-60 -44 104 
-59 -41 100 
-60 -39 99 
-57 -41 98 
-63 -43 106 
-57 -42 99 
-56 -51 107 
-41 -50 91 
-63 -38 101 
-3 -48 51 
-2 -49 51 
4 -52 48 
1 -54 53 
1 -55 54 
-1 -49 50 
3 -50 47 
3 -51 48 
17 -59 42 
0 -50 50 
-2 -48 50 
-2 -52 54 
0 -54 54 
1 -54 53 
1 -54 53 
73 -70 -3 
73 -69 -4 
72 -74 2 
72 -75 3 
66 -71 5 
69 -69 0 
71 -70 -1 
70 -71 1 
67 -69 2 
72 -72 0 
68 -68 0 
71 -71 0 
73 -71 -2 
73 -71 -2 
68 -67 -1 
141 -88 -53 
142 -89 -53 
140 -91 -49 
143 -94 -49 
140 -86 -54 
141 -88 -53 
142 -90 -52 
138 -91 -47 
145 -89 -56 
145 -94 -51 
142 -89 -53 
138 -86 -52 
141 -91 -50 
143 -89 -54 
141 -92 -49 
207 -114 -93 
208 -117 -91 
204 -112 -92 
205 -113 -92 
204 -111 -93 
203 -110 -93 
201 -110 -91 
206 -114 -92 
206 -112 -94 
206 -114 -92 
204 -111 -93 
205 -115 -90 
206 -114 -92 
204 -112 -92 
208 -115 -93 
-9 -86 95 
-7 -78 85 
-10 -86 96 
-9 -81 90 
-8 -82 90 
-4 -84 88 
-8 -79 87 
-7 -82 89 
-6 -83 89 
-8 -82 90 
-8 -82 90 
-9 -78 87 
-10 -77 87 
-2 -84 86 
-8 -78 86 
55 -100 45 
52 -103 51 
52 -97 45 
54 -99 45 
56 -105 49 
56 -103 47 
56 -105 49 
52 -99 47 
58 -106 48 
59 -102 43 
58 -101 43 
56 -99 43 
57 -106 49 
60 -107 47 
59 -106 47 
125 -130 5 
129 -133 4 
130 -129 -1 
127 -132 5 
128 -128 0 
126 -131 5 
126 -133 7 
122 -121 -1 
127 -133 6 
126 -129 3 
126 -133 7 
128 -129 1 
126 -128 2 
126 -128 2 
125 -131 6 
204 -162 -42 
203 -157 -46 
201 -159 -42 
203 -162 -41 
198 -163 -35 
203 -162 -41 
238 -168 -70 
200 -160 -40 
202 -162 -40 
200 -159 -41 
203 -162 -41 
202 -156 -46 
199 -158 -41 
204 -163 -41 
202 -161 -41 
276 -196 -80 
280 -195 -85 
276 -195 -81 
277 -196 -81 
281 -198 -83 
281 -199 -82 
279 -198 -81 
281 -200 -81 
280 -199 -81 
276 -195 -81 
282 -196 -86 
282 -196 -86 
283 -200 -83 
281 -200 -81 
281 -199 -82 
