1-3.png 0 0 -289 83 206
1-3_90.png 0 0 -289 83 206
1-3_180.png 0 0 -289 83 206
1-3_270.png 0 0 -289 83 206
1-3_fl.png 0 0 -289 83 206
1-4.png 0 0 -289 83 206
1-4_90.png 0 0 -289 83 206
1-4_180.png 0 0 -289 83 206
1-4_270.png 0 0 -289 83 206
1-4_fl.png 0 0 -289 83 206
1-5.png 0 0 -292 81 211
1-5_90.png 0 0 -292 81 211
1-5_180.png 0 0 -292 81 211
1-5_270.png 0 0 -292 81 211
1-5_fl.png 0 0 -292 81 211
1-8.png 0 0 -296 89 207
1-8_90.png 0 0 -296 89 207
1-8_180.png 0 0 -296 89 207
1-8_270.png 0 0 -296 89 207
1-8_fl.png 0 0 -296 89 207
1-15.png 0 0 -301 89 212
1-15_90.png 0 0 -301 89 212
1-15_180.png 0 0 -301 89 212
1-15_270.png 0 0 -301 89 212
1-15_fl.png 0 0 -301 89 212
2-4.png 5 0 -210 101 109
2-4_90.png 5 0 -210 101 109
2-4_180.png 5 0 -210 101 109
2-4_270.png 5 0 -210 101 109
2-4_fl.png 5 0 -210 101 109
2-7.png 5 0 -210 101 109
2-7_90.png 5 0 -210 101 109
2-7_180.png 5 0 -210 101 109
2-7_270.png 5 0 -210 101 109
2-7_fl.png 5 0 -210 101 109
2-9.png 5 0 -210 100 110
2-9_90.png 5 0 -210 100 110
2-9_180.png 5 0 -210 100 110
2-9_270.png 5 0 -210 100 110
2-9_fl.png 5 0 -210 100 110
2-13.png 5 0 -211 103 108
2-13_90.png 5 0 -211 103 108
2-13_180.png 5 0 -211 103 108
2-13_270.png 5 0 -211 103 108
2-13_fl.png 5 0 -211 103 108
2-14.png 5 0 -211 101 110
2-14_90.png 5 0 -211 101 110
2-14_180.png 5 0 -211 101 110
2-14_270.png 5 0 -211 101 110
2-14_fl.png 5 0 -211 101 110
4-1.png 15 0 -60 154 -94
4-1_90.png 15 0 -60 154 -94
4-1_180.png 15 0 -60 154 -94
4-1_270.png 15 0 -60 154 -94
4-1_fl.png 15 0 -60 154 -94
4-2.png 15 0 -64 157 -93
4-2_90.png 15 0 -64 157 -93
4-2_180.png 15 0 -64 157 -93
4-2_270.png 15 0 -64 157 -93
4-2_fl.png 15 0 -64 157 -93
4-7.png 15 0 -64 157 -93
4-7_90.png 15 0 -64 157 -93
4-7_180.png 15 0 -64 157 -93
4-7_270.png 15 0 -64 157 -93
4-7_fl.png 15 0 -64 157 -93
4-12.png 15 0 -62 155 -93
4-12_90.png 15 0 -62 155 -93
4-12_180.png 15 0 -62 155 -93
4-12_270.png 15 0 -62 155 -93
4-12_fl.png 15 0 -62 155 -93
4-15.png 15 0 -64 157 -93
4-15_90.png 15 0 -64 157 -93
4-15_180.png 15 0 -64 157 -93
4-15_270.png 15 0 -64 157 -93
4-15_fl.png 15 0 -64 157 -93
5-1.png 20 0 1 187 -188
5-1_90.png 20 0 1 187 -188
5-1_180.png 20 0 1 187 -188
5-1_270.png 20 0 1 187 -188
5-1_fl.png 20 0 1 187 -188
5-3.png 20 0 17 189 -206
5-3_90.png 20 0 17 189 -206
5-3_180.png 20 0 17 189 -206
5-3_270.png 20 0 17 189 -206
5-3_fl.png 20 0 17 189 -206
5-6.png 20 0 4 192 -196
5-6_90.png 20 0 4 192 -196
5-6_180.png 20 0 4 192 -196
5-6_270.png 20 0 4 192 -196
5-6_fl.png 20 0 4 192 -196
5-8.png 20 0 1 187 -188
5-8_90.png 20 0 1 187 -188
5-8_180.png 20 0 1 187 -188
5-8_270.png 20 0 1 187 -188
5-8_fl.png 20 0 1 187 -188
5-15.png 20 0 1 187 -188
5-15_90.png 20 0 1 187 -188
5-15_180.png 20 0 1 187 -188
5-15_270.png 20 0 1 187 -188
5-15_fl.png 20 0 1 187 -188
6-3.png 0 5 -210 51 159
6-3_90.png 0 5 -210 51 159
6-3_180.png 0 5 -210 51 159
6-3_270.png 0 5 -210 51 159
6-3_fl.png 0 5 -210 51 159
6-5.png 0 5 -210 51 159
6-5_90.png 0 5 -210 51 159
6-5_180.png 0 5 -210 51 159
6-5_270.png 0 5 -210 51 159
6-5_fl.png 0 5 -210 51 159
6-7.png 0 5 -208 49 159
6-7_90.png 0 5 -208 49 159
6-7_180.png 0 5 -208 49 159
6-7_270.png 0 5 -208 49 159
6-7_fl.png 0 5 -208 49 159
6-9.png 0 5 -209 50 159
6-9_90.png 0 5 -209 50 159
6-9_180.png 0 5 -209 50 159
6-9_270.png 0 5 -209 50 159
6-9_fl.png 0 5 -209 50 159
6-12.png 0 5 -209 51 158
6-12_90.png 0 5 -209 51 158
6-12_180.png 0 5 -209 51 158
6-12_270.png 0 5 -209 51 158
6-12_fl.png 0 5 -209 51 158
8-5.png 10 5 -75 69 6
8-5_90.png 10 5 -75 69 6
8-5_180.png 10 5 -75 69 6
8-5_270.png 10 5 -75 69 6
8-5_fl.png 10 5 -75 69 6
8-6.png 10 5 -69 65 4
8-6_90.png 10 5 -69 65 4
8-6_180.png 10 5 -69 65 4
8-6_270.png 10 5 -69 65 4
8-6_fl.png 10 5 -69 65 4
8-8.png 10 5 -76 69 7
8-8_90.png 10 5 -76 69 7
8-8_180.png 10 5 -76 69 7
8-8_270.png 10 5 -76 69 7
8-8_fl.png 10 5 -76 69 7
8-11.png 10 5 -71 68 3
8-11_90.png 10 5 -71 68 3
8-11_180.png 10 5 -71 68 3
8-11_270.png 10 5 -71 68 3
8-11_fl.png 10 5 -71 68 3
8-12.png 10 5 -74 69 5
8-12_90.png 10 5 -74 69 5
8-12_180.png 10 5 -74 69 5
8-12_270.png 10 5 -74 69 5
8-12_fl.png 10 5 -74 69 5
9-1.png 15 5 -5 86 -81
9-1_90.png 15 5 -5 86 -81
9-1_180.png 15 5 -5 86 -81
9-1_270.png 15 5 -5 86 -81
9-1_fl.png 15 5 -5 86 -81
9-4.png 15 5 -4 84 -80
9-4_90.png 15 5 -4 84 -80
9-4_180.png 15 5 -4 84 -80
9-4_270.png 15 5 -4 84 -80
9-4_fl.png 15 5 -4 84 -80
9-8.png 15 5 -3 84 -81
9-8_90.png 15 5 -3 84 -81
9-8_180.png 15 5 -3 84 -81
9-8_270.png 15 5 -3 84 -81
9-8_fl.png 15 5 -3 84 -81
9-9.png 15 5 -1 81 -80
9-9_90.png 15 5 -1 81 -80
9-9_180.png 15 5 -1 81 -80
9-9_270.png 15 5 -1 81 -80
9-9_fl.png 15 5 -1 81 -80
9-15.png 15 5 -2 86 -84
9-15_90.png 15 5 -2 86 -84
9-15_180.png 15 5 -2 86 -84
9-15_270.png 15 5 -2 86 -84
9-15_fl.png 15 5 -2 86 -84
10-1.png 20 5 57 89 -146
10-1_90.png 20 5 57 89 -146
10-1_180.png 20 5 57 89 -146
10-1_270.png 20 5 57 89 -146
10-1_fl.png 20 5 57 89 -146
10-4.png 20 5 59 87 -146
10-4_90.png 20 5 59 87 -146
10-4_180.png 20 5 59 87 -146
10-4_270.png 20 5 59 87 -146
10-4_fl.png 20 5 59 87 -146
10-9.png 20 5 59 87 -146
10-9_90.png 20 5 59 87 -146
10-9_180.png 20 5 59 87 -146
10-9_270.png 20 5 59 87 -146
10-9_fl.png 20 5 59 87 -146
10-10.png 20 5 58 92 -150
10-10_90.png 20 5 58 92 -150
10-10_180.png 20 5 58 92 -150
10-10_270.png 20 5 58 92 -150
10-10_fl.png 20 5 58 92 -150
10-15.png 20 5 65 91 -156
10-15_90.png 20 5 65 91 -156
10-15_180.png 20 5 65 91 -156
10-15_270.png 20 5 65 91 -156
10-15_fl.png 20 5 65 91 -156
11-2.png 0 10 -129 3 126
11-2_90.png 0 10 -129 3 126
11-2_180.png 0 10 -129 3 126
11-2_270.png 0 10 -129 3 126
11-2_fl.png 0 10 -129 3 126
11-3.png 0 10 -133 3 130
11-3_90.png 0 10 -133 3 130
11-3_180.png 0 10 -133 3 130
11-3_270.png 0 10 -133 3 130
11-3_fl.png 0 10 -133 3 130
11-4.png 0 10 -128 0 128
11-4_90.png 0 10 -128 0 128
11-4_180.png 0 10 -128 0 128
11-4_270.png 0 10 -128 0 128
11-4_fl.png 0 10 -128 0 128
11-6.png 0 10 -127 3 124
11-6_90.png 0 10 -127 3 124
11-6_180.png 0 10 -127 3 124
11-6_270.png 0 10 -127 3 124
11-6_fl.png 0 10 -127 3 124
11-15.png 0 10 -126 3 123
11-15_90.png 0 10 -126 3 123
11-15_180.png 0 10 -126 3 123
11-15_270.png 0 10 -126 3 123
11-15_fl.png 0 10 -126 3 123
12-4.png 5 10 -67 2 65
12-4_90.png 5 10 -67 2 65
12-4_180.png 5 10 -67 2 65
12-4_270.png 5 10 -67 2 65
12-4_fl.png 5 10 -67 2 65
12-7.png 5 10 -64 -3 67
12-7_90.png 5 10 -64 -3 67
12-7_180.png 5 10 -64 -3 67
12-7_270.png 5 10 -64 -3 67
12-7_fl.png 5 10 -64 -3 67
12-8.png 5 10 -68 0 68
12-8_90.png 5 10 -68 0 68
12-8_180.png 5 10 -68 0 68
12-8_270.png 5 10 -68 0 68
12-8_fl.png 5 10 -68 0 68
12-11.png 5 10 -71 4 67
12-11_90.png 5 10 -71 4 67
12-11_180.png 5 10 -71 4 67
12-11_270.png 5 10 -71 4 67
12-11_fl.png 5 10 -71 4 67
12-12.png 5 10 -71 0 71
12-12_90.png 5 10 -71 0 71
12-12_180.png 5 10 -71 0 71
12-12_270.png 5 10 -71 0 71
12-12_fl.png 5 10 -71 0 71
13-4.png 10 10 -2 0 2
13-4_90.png 10 10 -2 0 2
13-4_180.png 10 10 -2 0 2
13-4_270.png 10 10 -2 0 2
13-4_fl.png 10 10 -2 0 2
13-6.png 10 10 4 -7 3
13-6_90.png 10 10 4 -7 3
13-6_180.png 10 10 4 -7 3
13-6_270.png 10 10 4 -7 3
13-6_fl.png 10 10 4 -7 3
13-7.png 10 10 1 -1 0
13-7_90.png 10 10 1 -1 0
13-7_180.png 10 10 1 -1 0
13-7_270.png 10 10 1 -1 0
13-7_fl.png 10 10 1 -1 0
13-8.png 10 10 -2 0 2
13-8_90.png 10 10 -2 0 2
13-8_180.png 10 10 -2 0 2
13-8_270.png 10 10 -2 0 2
13-8_fl.png 10 10 -2 0 2
13-12.png 10 10 1 -1 0
13-12_90.png 10 10 1 -1 0
13-12_180.png 10 10 1 -1 0
13-12_270.png 10 10 1 -1 0
13-12_fl.png 10 10 1 -1 0
14-5.png 15 10 68 -4 -64
14-5_90.png 15 10 68 -4 -64
14-5_180.png 15 10 68 -4 -64
14-5_270.png 15 10 68 -4 -64
14-5_fl.png 15 10 68 -4 -64
14-8.png 15 10 67 -4 -63
14-8_90.png 15 10 67 -4 -63
14-8_180.png 15 10 67 -4 -63
14-8_270.png 15 10 67 -4 -63
14-8_fl.png 15 10 67 -4 -63
14-9.png 15 10 69 -4 -65
14-9_90.png 15 10 69 -4 -65
14-9_180.png 15 10 69 -4 -65
14-9_270.png 15 10 69 -4 -65
14-9_fl.png 15 10 69 -4 -65
14-11.png 15 10 66 -2 -64
14-11_90.png 15 10 66 -2 -64
14-11_180.png 15 10 66 -2 -64
14-11_270.png 15 10 66 -2 -64
14-11_fl.png 15 10 66 -2 -64
14-15.png 15 10 66 -1 -65
14-15_90.png 15 10 66 -1 -65
14-15_180.png 15 10 66 -1 -65
14-15_270.png 15 10 66 -1 -65
14-15_fl.png 15 10 66 -1 -65
16-3.png 0 15 -62 -40 102
16-3_90.png 0 15 -62 -40 102
16-3_180.png 0 15 -62 -40 102
16-3_270.png 0 15 -62 -40 102
16-3_fl.png 0 15 -62 -40 102
16-10.png 0 15 -57 -41 98
16-10_90.png 0 15 -57 -41 98
16-10_180.png 0 15 -57 -41 98
16-10_270.png 0 15 -57 -41 98
16-10_fl.png 0 15 -57 -41 98
16-12.png 0 15 -57 -42 99
16-12_90.png 0 15 -57 -42 99
16-12_180.png 0 15 -57 -42 99
16-12_270.png 0 15 -57 -42 99
16-12_fl.png 0 15 -57 -42 99
16-14.png 0 15 -41 -50 91
16-14_90.png 0 15 -41 -50 91
16-14_180.png 0 15 -41 -50 91
16-14_270.png 0 15 -41 -50 91
16-14_fl.png 0 15 -41 -50 91
16-15.png 0 15 -63 -38 101
16-15_90.png 0 15 -63 -38 101
16-15_180.png 0 15 -63 -38 101
16-15_270.png 0 15 -63 -38 101
16-15_fl.png 0 15 -63 -38 101
18-3.png 10 15 72 -74 2
18-3_90.png 10 15 72 -74 2
18-3_180.png 10 15 72 -74 2
18-3_270.png 10 15 72 -74 2
18-3_fl.png 10 15 72 -74 2
18-5.png 10 15 66 -71 5
18-5_90.png 10 15 66 -71 5
18-5_180.png 10 15 66 -71 5
18-5_270.png 10 15 66 -71 5
18-5_fl.png 10 15 66 -71 5
18-7.png 10 15 71 -70 -1
18-7_90.png 10 15 71 -70 -1
18-7_180.png 10 15 71 -70 -1
18-7_270.png 10 15 71 -70 -1
18-7_fl.png 10 15 71 -70 -1
18-9.png 10 15 67 -69 2
18-9_90.png 10 15 67 -69 2
18-9_180.png 10 15 67 -69 2
18-9_270.png 10 15 67 -69 2
18-9_fl.png 10 15 67 -69 2
18-12.png 10 15 71 -71 0
18-12_90.png 10 15 71 -71 0
18-12_180.png 10 15 71 -71 0
18-12_270.png 10 15 71 -71 0
18-12_fl.png 10 15 71 -71 0
20-1.png 20 15 207 -114 -93
20-1_90.png 20 15 207 -114 -93
20-1_180.png 20 15 207 -114 -93
20-1_270.png 20 15 207 -114 -93
20-1_fl.png 20 15 207 -114 -93
20-7.png 20 15 201 -110 -91
20-7_90.png 20 15 201 -110 -91
20-7_180.png 20 15 201 -110 -91
20-7_270.png 20 15 201 -110 -91
20-7_fl.png 20 15 201 -110 -91
20-9.png 20 15 206 -112 -94
20-9_90.png 20 15 206 -112 -94
20-9_180.png 20 15 206 -112 -94
20-9_270.png 20 15 206 -112 -94
20-9_fl.png 20 15 206 -112 -94
20-10.png 20 15 206 -114 -92
20-10_90.png 20 15 206 -114 -92
20-10_180.png 20 15 206 -114 -92
20-10_270.png 20 15 206 -114 -92
20-10_fl.png 20 15 206 -114 -92
20-12.png 20 15 205 -115 -90
20-12_90.png 20 15 205 -115 -90
20-12_180.png 20 15 205 -115 -90
20-12_270.png 20 15 205 -115 -90
20-12_fl.png 20 15 205 -115 -90
21-1.png 0 20 -9 -86 95
21-1_90.png 0 20 -9 -86 95
21-1_180.png 0 20 -9 -86 95
21-1_270.png 0 20 -9 -86 95
21-1_fl.png 0 20 -9 -86 95
21-3.png 0 20 -10 -86 96
21-3_90.png 0 20 -10 -86 96
21-3_180.png 0 20 -10 -86 96
21-3_270.png 0 20 -10 -86 96
21-3_fl.png 0 20 -10 -86 96
21-6.png 0 20 -4 -84 88
21-6_90.png 0 20 -4 -84 88
21-6_180.png 0 20 -4 -84 88
21-6_270.png 0 20 -4 -84 88
21-6_fl.png 0 20 -4 -84 88
21-7.png 0 20 -8 -79 87
21-7_90.png 0 20 -8 -79 87
21-7_180.png 0 20 -8 -79 87
21-7_270.png 0 20 -8 -79 87
21-7_fl.png 0 20 -8 -79 87
21-10.png 0 20 -8 -82 90
21-10_90.png 0 20 -8 -82 90
21-10_180.png 0 20 -8 -82 90
21-10_270.png 0 20 -8 -82 90
21-10_fl.png 0 20 -8 -82 90
22-2.png 5 20 52 -103 51
22-2_90.png 5 20 52 -103 51
22-2_180.png 5 20 52 -103 51
22-2_270.png 5 20 52 -103 51
22-2_fl.png 5 20 52 -103 51
22-10.png 5 20 59 -102 43
22-10_90.png 5 20 59 -102 43
22-10_180.png 5 20 59 -102 43
22-10_270.png 5 20 59 -102 43
22-10_fl.png 5 20 59 -102 43
22-11.png 5 20 58 -101 43
22-11_90.png 5 20 58 -101 43
22-11_180.png 5 20 58 -101 43
22-11_270.png 5 20 58 -101 43
22-11_fl.png 5 20 58 -101 43
22-12.png 5 20 56 -99 43
22-12_90.png 5 20 56 -99 43
22-12_180.png 5 20 56 -99 43
22-12_270.png 5 20 56 -99 43
22-12_fl.png 5 20 56 -99 43
22-13.png 5 20 57 -106 49
22-13_90.png 5 20 57 -106 49
22-13_180.png 5 20 57 -106 49
22-13_270.png 5 20 57 -106 49
22-13_fl.png 5 20 57 -106 49
24-5.png 15 20 198 -163 -35
24-5_90.png 15 20 198 -163 -35
24-5_180.png 15 20 198 -163 -35
24-5_270.png 15 20 198 -163 -35
24-5_fl.png 15 20 198 -163 -35
24-6.png 15 20 203 -162 -41
24-6_90.png 15 20 203 -162 -41
24-6_180.png 15 20 203 -162 -41
24-6_270.png 15 20 203 -162 -41
24-6_fl.png 15 20 203 -162 -41
24-7.png 15 20 238 -168 -70
24-7_90.png 15 20 238 -168 -70
24-7_180.png 15 20 238 -168 -70
24-7_270.png 15 20 238 -168 -70
24-7_fl.png 15 20 238 -168 -70
24-8.png 15 20 200 -160 -40
24-8_90.png 15 20 200 -160 -40
24-8_180.png 15 20 200 -160 -40
24-8_270.png 15 20 200 -160 -40
24-8_fl.png 15 20 200 -160 -40
24-15.png 15 20 202 -161 -41
24-15_90.png 15 20 202 -161 -41
24-15_180.png 15 20 202 -161 -41
24-15_270.png 15 20 202 -161 -41
24-15_fl.png 15 20 202 -161 -41
25-1.png 20 20 276 -196 -80
25-1_90.png 20 20 276 -196 -80
25-1_180.png 20 20 276 -196 -80
25-1_270.png 20 20 276 -196 -80
25-1_fl.png 20 20 276 -196 -80
25-6.png 20 20 281 -199 -82
25-6_90.png 20 20 281 -199 -82
25-6_180.png 20 20 281 -199 -82
25-6_270.png 20 20 281 -199 -82
25-6_fl.png 20 20 281 -199 -82
25-10.png 20 20 276 -195 -81
25-10_90.png 20 20 276 -195 -81
25-10_180.png 20 20 276 -195 -81
25-10_270.png 20 20 276 -195 -81
25-10_fl.png 20 20 276 -195 -81
25-11.png 20 20 282 -196 -86
25-11_90.png 20 20 282 -196 -86
25-11_180.png 20 20 282 -196 -86
25-11_270.png 20 20 282 -196 -86
25-11_fl.png 20 20 282 -196 -86
25-12.png 20 20 282 -196 -86
25-12_90.png 20 20 282 -196 -86
25-12_180.png 20 20 282 -196 -86
25-12_270.png 20 20 282 -196 -86
25-12_fl.png 20 20 282 -196 -86
