1-4.png 0 0 -289 83 206
1-4_90.png 0 0 -289 83 206
1-4_180.png 0 0 -289 83 206
1-4_270.png 0 0 -289 83 206
1-4_fl.png 0 0 -289 83 206
1-5.png 0 0 -292 81 211
1-5_90.png 0 0 -292 81 211
1-5_180.png 0 0 -292 81 211
1-5_270.png 0 0 -292 81 211
1-5_fl.png 0 0 -292 81 211
1-6.png 0 0 -289 89 200
1-6_90.png 0 0 -289 89 200
1-6_180.png 0 0 -289 89 200
1-6_270.png 0 0 -289 89 200
1-6_fl.png 0 0 -289 89 200
1-7.png 0 0 -291 86 205
1-7_90.png 0 0 -291 86 205
1-7_180.png 0 0 -291 86 205
1-7_270.png 0 0 -291 86 205
1-7_fl.png 0 0 -291 86 205
1-8.png 0 0 -296 89 207
1-8_90.png 0 0 -296 89 207
1-8_180.png 0 0 -296 89 207
1-8_270.png 0 0 -296 89 207
1-8_fl.png 0 0 -296 89 207
1-10.png 0 0 -288 82 206
1-10_90.png 0 0 -288 82 206
1-10_180.png 0 0 -288 82 206
1-10_270.png 0 0 -288 82 206
1-10_fl.png 0 0 -288 82 206
1-11.png 0 0 -297 90 207
1-11_90.png 0 0 -297 90 207
1-11_180.png 0 0 -297 90 207
1-11_270.png 0 0 -297 90 207
1-11_fl.png 0 0 -297 90 207
1-12.png 0 0 -289 83 206
1-12_90.png 0 0 -289 83 206
1-12_180.png 0 0 -289 83 206
1-12_270.png 0 0 -289 83 206
1-12_fl.png 0 0 -289 83 206
1-13.png 0 0 -291 90 201
1-13_90.png 0 0 -291 90 201
1-13_180.png 0 0 -291 90 201
1-13_270.png 0 0 -291 90 201
1-13_fl.png 0 0 -291 90 201
1-15.png 0 0 -301 89 212
1-15_90.png 0 0 -301 89 212
1-15_180.png 0 0 -301 89 212
1-15_270.png 0 0 -301 89 212
1-15_fl.png 0 0 -301 89 212
3-2.png 10 0 -128 125 3
3-2_90.png 10 0 -128 125 3
3-2_180.png 10 0 -128 125 3
3-2_270.png 10 0 -128 125 3
3-2_fl.png 10 0 -128 125 3
3-3.png 10 0 -126 126 0
3-3_90.png 10 0 -126 126 0
3-3_180.png 10 0 -126 126 0
3-3_270.png 10 0 -126 126 0
3-3_fl.png 10 0 -126 126 0
3-4.png 10 0 -130 126 4
3-4_90.png 10 0 -130 126 4
3-4_180.png 10 0 -130 126 4
3-4_270.png 10 0 -130 126 4
3-4_fl.png 10 0 -130 126 4
3-8.png 10 0 -131 126 5
3-8_90.png 10 0 -131 126 5
3-8_180.png 10 0 -131 126 5
3-8_270.png 10 0 -131 126 5
3-8_fl.png 10 0 -131 126 5
3-9.png 10 0 -127 127 0
3-9_90.png 10 0 -127 127 0
3-9_180.png 10 0 -127 127 0
3-9_270.png 10 0 -127 127 0
3-9_fl.png 10 0 -127 127 0
3-10.png 10 0 -129 132 -3
3-10_90.png 10 0 -129 132 -3
3-10_180.png 10 0 -129 132 -3
3-10_270.png 10 0 -129 132 -3
3-10_fl.png 10 0 -129 132 -3
3-11.png 10 0 -130 126 4
3-11_90.png 10 0 -130 126 4
3-11_180.png 10 0 -130 126 4
3-11_270.png 10 0 -130 126 4
3-11_fl.png 10 0 -130 126 4
3-12.png 10 0 -130 127 3
3-12_90.png 10 0 -130 127 3
3-12_180.png 10 0 -130 127 3
3-12_270.png 10 0 -130 127 3
3-12_fl.png 10 0 -130 127 3
3-13.png 10 0 -133 126 7
3-13_90.png 10 0 -133 126 7
3-13_180.png 10 0 -133 126 7
3-13_270.png 10 0 -133 126 7
3-13_fl.png 10 0 -133 126 7
3-14.png 10 0 -132 124 8
3-14_90.png 10 0 -132 124 8
3-14_180.png 10 0 -132 124 8
3-14_270.png 10 0 -132 124 8
3-14_fl.png 10 0 -132 124 8
5-1.png 20 0 1 187 -188
5-1_90.png 20 0 1 187 -188
5-1_180.png 20 0 1 187 -188
5-1_270.png 20 0 1 187 -188
5-1_fl.png 20 0 1 187 -188
5-5.png 20 0 3 187 -190
5-5_90.png 20 0 3 187 -190
5-5_180.png 20 0 3 187 -190
5-5_270.png 20 0 3 187 -190
5-5_fl.png 20 0 3 187 -190
5-7.png 20 0 1 186 -187
5-7_90.png 20 0 1 186 -187
5-7_180.png 20 0 1 186 -187
5-7_270.png 20 0 1 186 -187
5-7_fl.png 20 0 1 186 -187
5-8.png 20 0 1 187 -188
5-8_90.png 20 0 1 187 -188
5-8_180.png 20 0 1 187 -188
5-8_270.png 20 0 1 187 -188
5-8_fl.png 20 0 1 187 -188
5-9.png 20 0 1 186 -187
5-9_90.png 20 0 1 186 -187
5-9_180.png 20 0 1 186 -187
5-9_270.png 20 0 1 186 -187
5-9_fl.png 20 0 1 186 -187
5-11.png 20 0 -1 192 -191
5-11_90.png 20 0 -1 192 -191
5-11_180.png 20 0 -1 192 -191
5-11_270.png 20 0 -1 192 -191
5-11_fl.png 20 0 -1 192 -191
5-12.png 20 0 1 189 -190
5-12_90.png 20 0 1 189 -190
5-12_180.png 20 0 1 189 -190
5-12_270.png 20 0 1 189 -190
5-12_fl.png 20 0 1 189 -190
5-13.png 20 0 1 192 -193
5-13_90.png 20 0 1 192 -193
5-13_180.png 20 0 1 192 -193
5-13_270.png 20 0 1 192 -193
5-13_fl.png 20 0 1 192 -193
5-14.png 20 0 1 194 -195
5-14_90.png 20 0 1 194 -195
5-14_180.png 20 0 1 194 -195
5-14_270.png 20 0 1 194 -195
5-14_fl.png 20 0 1 194 -195
5-15.png 20 0 1 187 -188
5-15_90.png 20 0 1 187 -188
5-15_180.png 20 0 1 187 -188
5-15_270.png 20 0 1 187 -188
5-15_fl.png 20 0 1 187 -188
6-2.png 0 5 -209 52 157
6-2_90.png 0 5 -209 52 157
6-2_180.png 0 5 -209 52 157
6-2_270.png 0 5 -209 52 157
6-2_fl.png 0 5 -209 52 157
6-3.png 0 5 -210 51 159
6-3_90.png 0 5 -210 51 159
6-3_180.png 0 5 -210 51 159
6-3_270.png 0 5 -210 51 159
6-3_fl.png 0 5 -210 51 159
6-5.png 0 5 -210 51 159
6-5_90.png 0 5 -210 51 159
6-5_180.png 0 5 -210 51 159
6-5_270.png 0 5 -210 51 159
6-5_fl.png 0 5 -210 51 159
6-7.png 0 5 -208 49 159
6-7_90.png 0 5 -208 49 159
6-7_180.png 0 5 -208 49 159
6-7_270.png 0 5 -208 49 159
6-7_fl.png 0 5 -208 49 159
6-8.png 0 5 -208 50 158
6-8_90.png 0 5 -208 50 158
6-8_180.png 0 5 -208 50 158
6-8_270.png 0 5 -208 50 158
6-8_fl.png 0 5 -208 50 158
6-10.png 0 5 -210 51 159
6-10_90.png 0 5 -210 51 159
6-10_180.png 0 5 -210 51 159
6-10_270.png 0 5 -210 51 159
6-10_fl.png 0 5 -210 51 159
6-11.png 0 5 -209 50 159
6-11_90.png 0 5 -209 50 159
6-11_180.png 0 5 -209 50 159
6-11_270.png 0 5 -209 50 159
6-11_fl.png 0 5 -209 50 159
6-12.png 0 5 -209 51 158
6-12_90.png 0 5 -209 51 158
6-12_180.png 0 5 -209 51 158
6-12_270.png 0 5 -209 51 158
6-12_fl.png 0 5 -209 51 158
6-14.png 0 5 -207 50 157
6-14_90.png 0 5 -207 50 157
6-14_180.png 0 5 -207 50 157
6-14_270.png 0 5 -207 50 157
6-14_fl.png 0 5 -207 50 157
6-15.png 0 5 -207 51 156
6-15_90.png 0 5 -207 51 156
6-15_180.png 0 5 -207 51 156
6-15_270.png 0 5 -207 51 156
6-15_fl.png 0 5 -207 51 156
7-2.png 5 5 -144 58 86
7-2_90.png 5 5 -144 58 86
7-2_180.png 5 5 -144 58 86
7-2_270.png 5 5 -144 58 86
7-2_fl.png 5 5 -144 58 86
7-3.png 5 5 -146 60 86
7-3_90.png 5 5 -146 60 86
7-3_180.png 5 5 -146 60 86
7-3_270.png 5 5 -146 60 86
7-3_fl.png 5 5 -146 60 86
7-4.png 5 5 -146 59 87
7-4_90.png 5 5 -146 59 87
7-4_180.png 5 5 -146 59 87
7-4_270.png 5 5 -146 59 87
7-4_fl.png 5 5 -146 59 87
7-5.png 5 5 -144 58 86
7-5_90.png 5 5 -144 58 86
7-5_180.png 5 5 -144 58 86
7-5_270.png 5 5 -144 58 86
7-5_fl.png 5 5 -144 58 86
7-7.png 5 5 -149 60 89
7-7_90.png 5 5 -149 60 89
7-7_180.png 5 5 -149 60 89
7-7_270.png 5 5 -149 60 89
7-7_fl.png 5 5 -149 60 89
7-9.png 5 5 -148 59 89
7-9_90.png 5 5 -148 59 89
7-9_180.png 5 5 -148 59 89
7-9_270.png 5 5 -148 59 89
7-9_fl.png 5 5 -148 59 89
7-10.png 5 5 -145 58 87
7-10_90.png 5 5 -145 58 87
7-10_180.png 5 5 -145 58 87
7-10_270.png 5 5 -145 58 87
7-10_fl.png 5 5 -145 58 87
7-11.png 5 5 -145 57 88
7-11_90.png 5 5 -145 57 88
7-11_180.png 5 5 -145 57 88
7-11_270.png 5 5 -145 57 88
7-11_fl.png 5 5 -145 57 88
7-12.png 5 5 -145 59 86
7-12_90.png 5 5 -145 59 86
7-12_180.png 5 5 -145 59 86
7-12_270.png 5 5 -145 59 86
7-12_fl.png 5 5 -145 59 86
7-15.png 5 5 -144 58 86
7-15_90.png 5 5 -144 58 86
7-15_180.png 5 5 -144 58 86
7-15_270.png 5 5 -144 58 86
7-15_fl.png 5 5 -144 58 86
8-1.png 10 5 -73 69 4
8-1_90.png 10 5 -73 69 4
8-1_180.png 10 5 -73 69 4
8-1_270.png 10 5 -73 69 4
8-1_fl.png 10 5 -73 69 4
8-3.png 10 5 -78 69 9
8-3_90.png 10 5 -78 69 9
8-3_180.png 10 5 -78 69 9
8-3_270.png 10 5 -78 69 9
8-3_fl.png 10 5 -78 69 9
8-4.png 10 5 -75 70 5
8-4_90.png 10 5 -75 70 5
8-4_180.png 10 5 -75 70 5
8-4_270.png 10 5 -75 70 5
8-4_fl.png 10 5 -75 70 5
8-7.png 10 5 -71 67 4
8-7_90.png 10 5 -71 67 4
8-7_180.png 10 5 -71 67 4
8-7_270.png 10 5 -71 67 4
8-7_fl.png 10 5 -71 67 4
8-9.png 10 5 -74 68 6
8-9_90.png 10 5 -74 68 6
8-9_180.png 10 5 -74 68 6
8-9_270.png 10 5 -74 68 6
8-9_fl.png 10 5 -74 68 6
8-10.png 10 5 -77 70 7
8-10_90.png 10 5 -77 70 7
8-10_180.png 10 5 -77 70 7
8-10_270.png 10 5 -77 70 7
8-10_fl.png 10 5 -77 70 7
8-11.png 10 5 -71 68 3
8-11_90.png 10 5 -71 68 3
8-11_180.png 10 5 -71 68 3
8-11_270.png 10 5 -71 68 3
8-11_fl.png 10 5 -71 68 3
8-13.png 10 5 -76 71 5
8-13_90.png 10 5 -76 71 5
8-13_180.png 10 5 -76 71 5
8-13_270.png 10 5 -76 71 5
8-13_fl.png 10 5 -76 71 5
8-14.png 10 5 -75 69 6
8-14_90.png 10 5 -75 69 6
8-14_180.png 10 5 -75 69 6
8-14_270.png 10 5 -75 69 6
8-14_fl.png 10 5 -75 69 6
8-15.png 10 5 -75 69 6
8-15_90.png 10 5 -75 69 6
8-15_180.png 10 5 -75 69 6
8-15_270.png 10 5 -75 69 6
8-15_fl.png 10 5 -75 69 6
9-1.png 15 5 -5 86 -81
9-1_90.png 15 5 -5 86 -81
9-1_180.png 15 5 -5 86 -81
9-1_270.png 15 5 -5 86 -81
9-1_fl.png 15 5 -5 86 -81
9-2.png 15 5 0 82 -82
9-2_90.png 15 5 0 82 -82
9-2_180.png 15 5 0 82 -82
9-2_270.png 15 5 0 82 -82
9-2_fl.png 15 5 0 82 -82
9-3.png 15 5 -4 86 -82
9-3_90.png 15 5 -4 86 -82
9-3_180.png 15 5 -4 86 -82
9-3_270.png 15 5 -4 86 -82
9-3_fl.png 15 5 -4 86 -82
9-4.png 15 5 -4 84 -80
9-4_90.png 15 5 -4 84 -80
9-4_180.png 15 5 -4 84 -80
9-4_270.png 15 5 -4 84 -80
9-4_fl.png 15 5 -4 84 -80
9-5.png 15 5 -3 84 -81
9-5_90.png 15 5 -3 84 -81
9-5_180.png 15 5 -3 84 -81
9-5_270.png 15 5 -3 84 -81
9-5_fl.png 15 5 -3 84 -81
9-6.png 15 5 -6 84 -78
9-6_90.png 15 5 -6 84 -78
9-6_180.png 15 5 -6 84 -78
9-6_270.png 15 5 -6 84 -78
9-6_fl.png 15 5 -6 84 -78
9-8.png 15 5 -3 84 -81
9-8_90.png 15 5 -3 84 -81
9-8_180.png 15 5 -3 84 -81
9-8_270.png 15 5 -3 84 -81
9-8_fl.png 15 5 -3 84 -81
9-11.png 15 5 -2 83 -81
9-11_90.png 15 5 -2 83 -81
9-11_180.png 15 5 -2 83 -81
9-11_270.png 15 5 -2 83 -81
9-11_fl.png 15 5 -2 83 -81
9-13.png 15 5 -2 85 -83
9-13_90.png 15 5 -2 85 -83
9-13_180.png 15 5 -2 85 -83
9-13_270.png 15 5 -2 85 -83
9-13_fl.png 15 5 -2 85 -83
9-15.png 15 5 -2 86 -84
9-15_90.png 15 5 -2 86 -84
9-15_180.png 15 5 -2 86 -84
9-15_270.png 15 5 -2 86 -84
9-15_fl.png 15 5 -2 86 -84
11-3.png 0 10 -133 3 130
11-3_90.png 0 10 -133 3 130
11-3_180.png 0 10 -133 3 130
11-3_270.png 0 10 -133 3 130
11-3_fl.png 0 10 -133 3 130
11-5.png 0 10 -126 -1 127
11-5_90.png 0 10 -126 -1 127
11-5_180.png 0 10 -126 -1 127
11-5_270.png 0 10 -126 -1 127
11-5_fl.png 0 10 -126 -1 127
11-7.png 0 10 -132 3 129
11-7_90.png 0 10 -132 3 129
11-7_180.png 0 10 -132 3 129
11-7_270.png 0 10 -132 3 129
11-7_fl.png 0 10 -132 3 129
11-8.png 0 10 -129 0 129
11-8_90.png 0 10 -129 0 129
11-8_180.png 0 10 -129 0 129
11-8_270.png 0 10 -129 0 129
11-8_fl.png 0 10 -129 0 129
11-9.png 0 10 -125 -2 127
11-9_90.png 0 10 -125 -2 127
11-9_180.png 0 10 -125 -2 127
11-9_270.png 0 10 -125 -2 127
11-9_fl.png 0 10 -125 -2 127
11-10.png 0 10 -127 3 124
11-10_90.png 0 10 -127 3 124
11-10_180.png 0 10 -127 3 124
11-10_270.png 0 10 -127 3 124
11-10_fl.png 0 10 -127 3 124
11-11.png 0 10 -129 3 126
11-11_90.png 0 10 -129 3 126
11-11_180.png 0 10 -129 3 126
11-11_270.png 0 10 -129 3 126
11-11_fl.png 0 10 -129 3 126
11-12.png 0 10 -131 3 128
11-12_90.png 0 10 -131 3 128
11-12_180.png 0 10 -131 3 128
11-12_270.png 0 10 -131 3 128
11-12_fl.png 0 10 -131 3 128
11-14.png 0 10 -127 -2 129
11-14_90.png 0 10 -127 -2 129
11-14_180.png 0 10 -127 -2 129
11-14_270.png 0 10 -127 -2 129
11-14_fl.png 0 10 -127 -2 129
11-15.png 0 10 -126 3 123
11-15_90.png 0 10 -126 3 123
11-15_180.png 0 10 -126 3 123
11-15_270.png 0 10 -126 3 123
11-15_fl.png 0 10 -126 3 123
12-1.png 5 10 -71 3 68
12-1_90.png 5 10 -71 3 68
12-1_180.png 5 10 -71 3 68
12-1_270.png 5 10 -71 3 68
12-1_fl.png 5 10 -71 3 68
12-2.png 5 10 -72 2 70
12-2_90.png 5 10 -72 2 70
12-2_180.png 5 10 -72 2 70
12-2_270.png 5 10 -72 2 70
12-2_fl.png 5 10 -72 2 70
12-3.png 5 10 -70 3 67
12-3_90.png 5 10 -70 3 67
12-3_180.png 5 10 -70 3 67
12-3_270.png 5 10 -70 3 67
12-3_fl.png 5 10 -70 3 67
12-4.png 5 10 -67 2 65
12-4_90.png 5 10 -67 2 65
12-4_180.png 5 10 -67 2 65
12-4_270.png 5 10 -67 2 65
12-4_fl.png 5 10 -67 2 65
12-7.png 5 10 -64 -3 67
12-7_90.png 5 10 -64 -3 67
12-7_180.png 5 10 -64 -3 67
12-7_270.png 5 10 -64 -3 67
12-7_fl.png 5 10 -64 -3 67
12-8.png 5 10 -68 0 68
12-8_90.png 5 10 -68 0 68
12-8_180.png 5 10 -68 0 68
12-8_270.png 5 10 -68 0 68
12-8_fl.png 5 10 -68 0 68
12-11.png 5 10 -71 4 67
12-11_90.png 5 10 -71 4 67
12-11_180.png 5 10 -71 4 67
12-11_270.png 5 10 -71 4 67
12-11_fl.png 5 10 -71 4 67
12-12.png 5 10 -71 0 71
12-12_90.png 5 10 -71 0 71
12-12_180.png 5 10 -71 0 71
12-12_270.png 5 10 -71 0 71
12-12_fl.png 5 10 -71 0 71
12-13.png 5 10 -71 5 66
12-13_90.png 5 10 -71 5 66
12-13_180.png 5 10 -71 5 66
12-13_270.png 5 10 -71 5 66
12-13_fl.png 5 10 -71 5 66
12-14.png 5 10 -65 2 63
12-14_90.png 5 10 -65 2 63
12-14_180.png 5 10 -65 2 63
12-14_270.png 5 10 -65 2 63
12-14_fl.png 5 10 -65 2 63
13-1.png 10 10 -1 2 -1
13-1_90.png 10 10 -1 2 -1
13-1_180.png 10 10 -1 2 -1
13-1_270.png 10 10 -1 2 -1
13-1_fl.png 10 10 -1 2 -1
13-2.png 10 10 4 -6 2
13-2_90.png 10 10 4 -6 2
13-2_180.png 10 10 4 -6 2
13-2_270.png 10 10 4 -6 2
13-2_fl.png 10 10 4 -6 2
13-3.png 10 10 -1 0 1
13-3_90.png 10 10 -1 0 1
13-3_180.png 10 10 -1 0 1
13-3_270.png 10 10 -1 0 1
13-3_fl.png 10 10 -1 0 1
13-5.png 10 10 4 -4 0
13-5_90.png 10 10 4 -4 0
13-5_180.png 10 10 4 -4 0
13-5_270.png 10 10 4 -4 0
13-5_fl.png 10 10 4 -4 0
13-6.png 10 10 4 -7 3
13-6_90.png 10 10 4 -7 3
13-6_180.png 10 10 4 -7 3
13-6_270.png 10 10 4 -7 3
13-6_fl.png 10 10 4 -7 3
13-8.png 10 10 -2 0 2
13-8_90.png 10 10 -2 0 2
13-8_180.png 10 10 -2 0 2
13-8_270.png 10 10 -2 0 2
13-8_fl.png 10 10 -2 0 2
13-11.png 10 10 -5 3 2
13-11_90.png 10 10 -5 3 2
13-11_180.png 10 10 -5 3 2
13-11_270.png 10 10 -5 3 2
13-11_fl.png 10 10 -5 3 2
13-12.png 10 10 1 -1 0
13-12_90.png 10 10 1 -1 0
13-12_180.png 10 10 1 -1 0
13-12_270.png 10 10 1 -1 0
13-12_fl.png 10 10 1 -1 0
13-14.png 10 10 0 1 -1
13-14_90.png 10 10 0 1 -1
13-14_180.png 10 10 0 1 -1
13-14_270.png 10 10 0 1 -1
13-14_fl.png 10 10 0 1 -1
13-15.png 10 10 0 1 -1
13-15_90.png 10 10 0 1 -1
13-15_180.png 10 10 0 1 -1
13-15_270.png 10 10 0 1 -1
13-15_fl.png 10 10 0 1 -1
14-1.png 15 10 73 -5 -68
14-1_90.png 15 10 73 -5 -68
14-1_180.png 15 10 73 -5 -68
14-1_270.png 15 10 73 -5 -68
14-1_fl.png 15 10 73 -5 -68
14-2.png 15 10 68 -3 -65
14-2_90.png 15 10 68 -3 -65
14-2_180.png 15 10 68 -3 -65
14-2_270.png 15 10 68 -3 -65
14-2_fl.png 15 10 68 -3 -65
14-4.png 15 10 67 -4 -63
14-4_90.png 15 10 67 -4 -63
14-4_180.png 15 10 67 -4 -63
14-4_270.png 15 10 67 -4 -63
14-4_fl.png 15 10 67 -4 -63
14-6.png 15 10 66 -2 -64
14-6_90.png 15 10 66 -2 -64
14-6_180.png 15 10 66 -2 -64
14-6_270.png 15 10 66 -2 -64
14-6_fl.png 15 10 66 -2 -64
14-7.png 15 10 68 -2 -66
14-7_90.png 15 10 68 -2 -66
14-7_180.png 15 10 68 -2 -66
14-7_270.png 15 10 68 -2 -66
14-7_fl.png 15 10 68 -2 -66
14-8.png 15 10 67 -4 -63
14-8_90.png 15 10 67 -4 -63
14-8_180.png 15 10 67 -4 -63
14-8_270.png 15 10 67 -4 -63
14-8_fl.png 15 10 67 -4 -63
14-10.png 15 10 67 -3 -64
14-10_90.png 15 10 67 -3 -64
14-10_180.png 15 10 67 -3 -64
14-10_270.png 15 10 67 -3 -64
14-10_fl.png 15 10 67 -3 -64
14-12.png 15 10 71 -4 -67
14-12_90.png 15 10 71 -4 -67
14-12_180.png 15 10 71 -4 -67
14-12_270.png 15 10 71 -4 -67
14-12_fl.png 15 10 71 -4 -67
14-13.png 15 10 69 -5 -64
14-13_90.png 15 10 69 -5 -64
14-13_180.png 15 10 69 -5 -64
14-13_270.png 15 10 69 -5 -64
14-13_fl.png 15 10 69 -5 -64
14-15.png 15 10 66 -1 -65
14-15_90.png 15 10 66 -1 -65
14-15_180.png 15 10 66 -1 -65
14-15_270.png 15 10 66 -1 -65
14-15_fl.png 15 10 66 -1 -65
16-2.png 0 15 -62 -44 106
16-2_90.png 0 15 -62 -44 106
16-2_180.png 0 15 -62 -44 106
16-2_270.png 0 15 -62 -44 106
16-2_fl.png 0 15 -62 -44 106
16-4.png 0 15 -57 -45 102
16-4_90.png 0 15 -57 -45 102
16-4_180.png 0 15 -57 -45 102
16-4_270.png 0 15 -57 -45 102
16-4_fl.png 0 15 -57 -45 102
16-6.png 0 15 -61 -45 106
16-6_90.png 0 15 -61 -45 106
16-6_180.png 0 15 -61 -45 106
16-6_270.png 0 15 -61 -45 106
16-6_fl.png 0 15 -61 -45 106
16-9.png 0 15 -60 -39 99
16-9_90.png 0 15 -60 -39 99
16-9_180.png 0 15 -60 -39 99
16-9_270.png 0 15 -60 -39 99
16-9_fl.png 0 15 -60 -39 99
16-10.png 0 15 -57 -41 98
16-10_90.png 0 15 -57 -41 98
16-10_180.png 0 15 -57 -41 98
16-10_270.png 0 15 -57 -41 98
16-10_fl.png 0 15 -57 -41 98
16-11.png 0 15 -63 -43 106
16-11_90.png 0 15 -63 -43 106
16-11_180.png 0 15 -63 -43 106
16-11_270.png 0 15 -63 -43 106
16-11_fl.png 0 15 -63 -43 106
16-12.png 0 15 -57 -42 99
16-12_90.png 0 15 -57 -42 99
16-12_180.png 0 15 -57 -42 99
16-12_270.png 0 15 -57 -42 99
16-12_fl.png 0 15 -57 -42 99
16-13.png 0 15 -56 -51 107
16-13_90.png 0 15 -56 -51 107
16-13_180.png 0 15 -56 -51 107
16-13_270.png 0 15 -56 -51 107
16-13_fl.png 0 15 -56 -51 107
16-14.png 0 15 -41 -50 91
16-14_90.png 0 15 -41 -50 91
16-14_180.png 0 15 -41 -50 91
16-14_270.png 0 15 -41 -50 91
16-14_fl.png 0 15 -41 -50 91
16-15.png 0 15 -63 -38 101
16-15_90.png 0 15 -63 -38 101
16-15_180.png 0 15 -63 -38 101
16-15_270.png 0 15 -63 -38 101
16-15_fl.png 0 15 -63 -38 101
18-1.png 10 15 73 -70 -3
18-1_90.png 10 15 73 -70 -3
18-1_180.png 10 15 73 -70 -3
18-1_270.png 10 15 73 -70 -3
18-1_fl.png 10 15 73 -70 -3
18-2.png 10 15 73 -69 -4
18-2_90.png 10 15 73 -69 -4
18-2_180.png 10 15 73 -69 -4
18-2_270.png 10 15 73 -69 -4
18-2_fl.png 10 15 73 -69 -4
18-5.png 10 15 66 -71 5
18-5_90.png 10 15 66 -71 5
18-5_180.png 10 15 66 -71 5
18-5_270.png 10 15 66 -71 5
18-5_fl.png 10 15 66 -71 5
18-6.png 10 15 69 -69 0
18-6_90.png 10 15 69 -69 0
18-6_180.png 10 15 69 -69 0
18-6_270.png 10 15 69 -69 0
18-6_fl.png 10 15 69 -69 0
18-7.png 10 15 71 -70 -1
18-7_90.png 10 15 71 -70 -1
18-7_180.png 10 15 71 -70 -1
18-7_270.png 10 15 71 -70 -1
18-7_fl.png 10 15 71 -70 -1
18-9.png 10 15 67 -69 2
18-9_90.png 10 15 67 -69 2
18-9_180.png 10 15 67 -69 2
18-9_270.png 10 15 67 -69 2
18-9_fl.png 10 15 67 -69 2
18-10.png 10 15 72 -72 0
18-10_90.png 10 15 72 -72 0
18-10_180.png 10 15 72 -72 0
18-10_270.png 10 15 72 -72 0
18-10_fl.png 10 15 72 -72 0
18-12.png 10 15 71 -71 0
18-12_90.png 10 15 71 -71 0
18-12_180.png 10 15 71 -71 0
18-12_270.png 10 15 71 -71 0
18-12_fl.png 10 15 71 -71 0
18-13.png 10 15 73 -71 -2
18-13_90.png 10 15 73 -71 -2
18-13_180.png 10 15 73 -71 -2
18-13_270.png 10 15 73 -71 -2
18-13_fl.png 10 15 73 -71 -2
18-14.png 10 15 73 -71 -2
18-14_90.png 10 15 73 -71 -2
18-14_180.png 10 15 73 -71 -2
18-14_270.png 10 15 73 -71 -2
18-14_fl.png 10 15 73 -71 -2
19-1.png 15 15 141 -88 -53
19-1_90.png 15 15 141 -88 -53
19-1_180.png 15 15 141 -88 -53
19-1_270.png 15 15 141 -88 -53
19-1_fl.png 15 15 141 -88 -53
19-2.png 15 15 142 -89 -53
19-2_90.png 15 15 142 -89 -53
19-2_180.png 15 15 142 -89 -53
19-2_270.png 15 15 142 -89 -53
19-2_fl.png 15 15 142 -89 -53
19-4.png 15 15 143 -94 -49
19-4_90.png 15 15 143 -94 -49
19-4_180.png 15 15 143 -94 -49
19-4_270.png 15 15 143 -94 -49
19-4_fl.png 15 15 143 -94 -49
19-5.png 15 15 140 -86 -54
19-5_90.png 15 15 140 -86 -54
19-5_180.png 15 15 140 -86 -54
19-5_270.png 15 15 140 -86 -54
19-5_fl.png 15 15 140 -86 -54
19-8.png 15 15 138 -91 -47
19-8_90.png 15 15 138 -91 -47
19-8_180.png 15 15 138 -91 -47
19-8_270.png 15 15 138 -91 -47
19-8_fl.png 15 15 138 -91 -47
19-9.png 15 15 145 -89 -56
19-9_90.png 15 15 145 -89 -56
19-9_180.png 15 15 145 -89 -56
19-9_270.png 15 15 145 -89 -56
19-9_fl.png 15 15 145 -89 -56
19-10.png 15 15 145 -94 -51
19-10_90.png 15 15 145 -94 -51
19-10_180.png 15 15 145 -94 -51
19-10_270.png 15 15 145 -94 -51
19-10_fl.png 15 15 145 -94 -51
19-12.png 15 15 138 -86 -52
19-12_90.png 15 15 138 -86 -52
19-12_180.png 15 15 138 -86 -52
19-12_270.png 15 15 138 -86 -52
19-12_fl.png 15 15 138 -86 -52
19-14.png 15 15 143 -89 -54
19-14_90.png 15 15 143 -89 -54
19-14_180.png 15 15 143 -89 -54
19-14_270.png 15 15 143 -89 -54
19-14_fl.png 15 15 143 -89 -54
19-15.png 15 15 141 -92 -49
19-15_90.png 15 15 141 -92 -49
19-15_180.png 15 15 141 -92 -49
19-15_270.png 15 15 141 -92 -49
19-15_fl.png 15 15 141 -92 -49
20-1.png 20 15 207 -114 -93
20-1_90.png 20 15 207 -114 -93
20-1_180.png 20 15 207 -114 -93
20-1_270.png 20 15 207 -114 -93
20-1_fl.png 20 15 207 -114 -93
20-2.png 20 15 208 -117 -91
20-2_90.png 20 15 208 -117 -91
20-2_180.png 20 15 208 -117 -91
20-2_270.png 20 15 208 -117 -91
20-2_fl.png 20 15 208 -117 -91
20-4.png 20 15 205 -113 -92
20-4_90.png 20 15 205 -113 -92
20-4_180.png 20 15 205 -113 -92
20-4_270.png 20 15 205 -113 -92
20-4_fl.png 20 15 205 -113 -92
20-7.png 20 15 201 -110 -91
20-7_90.png 20 15 201 -110 -91
20-7_180.png 20 15 201 -110 -91
20-7_270.png 20 15 201 -110 -91
20-7_fl.png 20 15 201 -110 -91
20-8.png 20 15 206 -114 -92
20-8_90.png 20 15 206 -114 -92
20-8_180.png 20 15 206 -114 -92
20-8_270.png 20 15 206 -114 -92
20-8_fl.png 20 15 206 -114 -92
20-10.png 20 15 206 -114 -92
20-10_90.png 20 15 206 -114 -92
20-10_180.png 20 15 206 -114 -92
20-10_270.png 20 15 206 -114 -92
20-10_fl.png 20 15 206 -114 -92
20-11.png 20 15 204 -111 -93
20-11_90.png 20 15 204 -111 -93
20-11_180.png 20 15 204 -111 -93
20-11_270.png 20 15 204 -111 -93
20-11_fl.png 20 15 204 -111 -93
20-12.png 20 15 205 -115 -90
20-12_90.png 20 15 205 -115 -90
20-12_180.png 20 15 205 -115 -90
20-12_270.png 20 15 205 -115 -90
20-12_fl.png 20 15 205 -115 -90
20-14.png 20 15 204 -112 -92
20-14_90.png 20 15 204 -112 -92
20-14_180.png 20 15 204 -112 -92
20-14_270.png 20 15 204 -112 -92
20-14_fl.png 20 15 204 -112 -92
20-15.png 20 15 208 -115 -93
20-15_90.png 20 15 208 -115 -93
20-15_180.png 20 15 208 -115 -93
20-15_270.png 20 15 208 -115 -93
20-15_fl.png 20 15 208 -115 -93
21-1.png 0 20 -9 -86 95
21-1_90.png 0 20 -9 -86 95
21-1_180.png 0 20 -9 -86 95
21-1_270.png 0 20 -9 -86 95
21-1_fl.png 0 20 -9 -86 95
21-2.png 0 20 -7 -78 85
21-2_90.png 0 20 -7 -78 85
21-2_180.png 0 20 -7 -78 85
21-2_270.png 0 20 -7 -78 85
21-2_fl.png 0 20 -7 -78 85
21-4.png 0 20 -9 -81 90
21-4_90.png 0 20 -9 -81 90
21-4_180.png 0 20 -9 -81 90
21-4_270.png 0 20 -9 -81 90
21-4_fl.png 0 20 -9 -81 90
21-5.png 0 20 -8 -82 90
21-5_90.png 0 20 -8 -82 90
21-5_180.png 0 20 -8 -82 90
21-5_270.png 0 20 -8 -82 90
21-5_fl.png 0 20 -8 -82 90
21-8.png 0 20 -7 -82 89
21-8_90.png 0 20 -7 -82 89
21-8_180.png 0 20 -7 -82 89
21-8_270.png 0 20 -7 -82 89
21-8_fl.png 0 20 -7 -82 89
21-9.png 0 20 -6 -83 89
21-9_90.png 0 20 -6 -83 89
21-9_180.png 0 20 -6 -83 89
21-9_270.png 0 20 -6 -83 89
21-9_fl.png 0 20 -6 -83 89
21-10.png 0 20 -8 -82 90
21-10_90.png 0 20 -8 -82 90
21-10_180.png 0 20 -8 -82 90
21-10_270.png 0 20 -8 -82 90
21-10_fl.png 0 20 -8 -82 90
21-11.png 0 20 -8 -82 90
21-11_90.png 0 20 -8 -82 90
21-11_180.png 0 20 -8 -82 90
21-11_270.png 0 20 -8 -82 90
21-11_fl.png 0 20 -8 -82 90
21-12.png 0 20 -9 -78 87
21-12_90.png 0 20 -9 -78 87
21-12_180.png 0 20 -9 -78 87
21-12_270.png 0 20 -9 -78 87
21-12_fl.png 0 20 -9 -78 87
21-15.png 0 20 -8 -78 86
21-15_90.png 0 20 -8 -78 86
21-15_180.png 0 20 -8 -78 86
21-15_270.png 0 20 -8 -78 86
21-15_fl.png 0 20 -8 -78 86
22-2.png 5 20 52 -103 51
22-2_90.png 5 20 52 -103 51
22-2_180.png 5 20 52 -103 51
22-2_270.png 5 20 52 -103 51
22-2_fl.png 5 20 52 -103 51
22-4.png 5 20 54 -99 45
22-4_90.png 5 20 54 -99 45
22-4_180.png 5 20 54 -99 45
22-4_270.png 5 20 54 -99 45
22-4_fl.png 5 20 54 -99 45
22-5.png 5 20 56 -105 49
22-5_90.png 5 20 56 -105 49
22-5_180.png 5 20 56 -105 49
22-5_270.png 5 20 56 -105 49
22-5_fl.png 5 20 56 -105 49
22-7.png 5 20 56 -105 49
22-7_90.png 5 20 56 -105 49
22-7_180.png 5 20 56 -105 49
22-7_270.png 5 20 56 -105 49
22-7_fl.png 5 20 56 -105 49
22-8.png 5 20 52 -99 47
22-8_90.png 5 20 52 -99 47
22-8_180.png 5 20 52 -99 47
22-8_270.png 5 20 52 -99 47
22-8_fl.png 5 20 52 -99 47
22-9.png 5 20 58 -106 48
22-9_90.png 5 20 58 -106 48
22-9_180.png 5 20 58 -106 48
22-9_270.png 5 20 58 -106 48
22-9_fl.png 5 20 58 -106 48
22-10.png 5 20 59 -102 43
22-10_90.png 5 20 59 -102 43
22-10_180.png 5 20 59 -102 43
22-10_270.png 5 20 59 -102 43
22-10_fl.png 5 20 59 -102 43
22-11.png 5 20 58 -101 43
22-11_90.png 5 20 58 -101 43
22-11_180.png 5 20 58 -101 43
22-11_270.png 5 20 58 -101 43
22-11_fl.png 5 20 58 -101 43
22-12.png 5 20 56 -99 43
22-12_90.png 5 20 56 -99 43
22-12_180.png 5 20 56 -99 43
22-12_270.png 5 20 56 -99 43
22-12_fl.png 5 20 56 -99 43
22-15.png 5 20 59 -106 47
22-15_90.png 5 20 59 -106 47
22-15_180.png 5 20 59 -106 47
22-15_270.png 5 20 59 -106 47
22-15_fl.png 5 20 59 -106 47
23-1.png 10 20 125 -130 5
23-1_90.png 10 20 125 -130 5
23-1_180.png 10 20 125 -130 5
23-1_270.png 10 20 125 -130 5
23-1_fl.png 10 20 125 -130 5
23-3.png 10 20 130 -129 -1
23-3_90.png 10 20 130 -129 -1
23-3_180.png 10 20 130 -129 -1
23-3_270.png 10 20 130 -129 -1
23-3_fl.png 10 20 130 -129 -1
23-4.png 10 20 127 -132 5
23-4_90.png 10 20 127 -132 5
23-4_180.png 10 20 127 -132 5
23-4_270.png 10 20 127 -132 5
23-4_fl.png 10 20 127 -132 5
23-7.png 10 20 126 -133 7
23-7_90.png 10 20 126 -133 7
23-7_180.png 10 20 126 -133 7
23-7_270.png 10 20 126 -133 7
23-7_fl.png 10 20 126 -133 7
23-8.png 10 20 122 -121 -1
23-8_90.png 10 20 122 -121 -1
23-8_180.png 10 20 122 -121 -1
23-8_270.png 10 20 122 -121 -1
23-8_fl.png 10 20 122 -121 -1
23-9.png 10 20 127 -133 6
23-9_90.png 10 20 127 -133 6
23-9_180.png 10 20 127 -133 6
23-9_270.png 10 20 127 -133 6
23-9_fl.png 10 20 127 -133 6
23-11.png 10 20 126 -133 7
23-11_90.png 10 20 126 -133 7
23-11_180.png 10 20 126 -133 7
23-11_270.png 10 20 126 -133 7
23-11_fl.png 10 20 126 -133 7
23-12.png 10 20 128 -129 1
23-12_90.png 10 20 128 -129 1
23-12_180.png 10 20 128 -129 1
23-12_270.png 10 20 128 -129 1
23-12_fl.png 10 20 128 -129 1
23-14.png 10 20 126 -128 2
23-14_90.png 10 20 126 -128 2
23-14_180.png 10 20 126 -128 2
23-14_270.png 10 20 126 -128 2
23-14_fl.png 10 20 126 -128 2
23-15.png 10 20 125 -131 6
23-15_90.png 10 20 125 -131 6
23-15_180.png 10 20 125 -131 6
23-15_270.png 10 20 125 -131 6
23-15_fl.png 10 20 125 -131 6
25-1.png 20 20 276 -196 -80
25-1_90.png 20 20 276 -196 -80
25-1_180.png 20 20 276 -196 -80
25-1_270.png 20 20 276 -196 -80
25-1_fl.png 20 20 276 -196 -80
25-3.png 20 20 276 -195 -81
25-3_90.png 20 20 276 -195 -81
25-3_180.png 20 20 276 -195 -81
25-3_270.png 20 20 276 -195 -81
25-3_fl.png 20 20 276 -195 -81
25-4.png 20 20 277 -196 -81
25-4_90.png 20 20 277 -196 -81
25-4_180.png 20 20 277 -196 -81
25-4_270.png 20 20 277 -196 -81
25-4_fl.png 20 20 277 -196 -81
25-7.png 20 20 279 -198 -81
25-7_90.png 20 20 279 -198 -81
25-7_180.png 20 20 279 -198 -81
25-7_270.png 20 20 279 -198 -81
25-7_fl.png 20 20 279 -198 -81
25-8.png 20 20 281 -200 -81
25-8_90.png 20 20 281 -200 -81
25-8_180.png 20 20 281 -200 -81
25-8_270.png 20 20 281 -200 -81
25-8_fl.png 20 20 281 -200 -81
25-10.png 20 20 276 -195 -81
25-10_90.png 20 20 276 -195 -81
25-10_180.png 20 20 276 -195 -81
25-10_270.png 20 20 276 -195 -81
25-10_fl.png 20 20 276 -195 -81
25-11.png 20 20 282 -196 -86
25-11_90.png 20 20 282 -196 -86
25-11_180.png 20 20 282 -196 -86
25-11_270.png 20 20 282 -196 -86
25-11_fl.png 20 20 282 -196 -86
25-13.png 20 20 283 -200 -83
25-13_90.png 20 20 283 -200 -83
25-13_180.png 20 20 283 -200 -83
25-13_270.png 20 20 283 -200 -83
25-13_fl.png 20 20 283 -200 -83
25-14.png 20 20 281 -200 -81
25-14_90.png 20 20 281 -200 -81
25-14_180.png 20 20 281 -200 -81
25-14_270.png 20 20 281 -200 -81
25-14_fl.png 20 20 281 -200 -81
25-15.png 20 20 281 -199 -82
25-15_90.png 20 20 281 -199 -82
25-15_180.png 20 20 281 -199 -82
25-15_270.png 20 20 281 -199 -82
25-15_fl.png 20 20 281 -199 -82
