1-4.png 0 0 -289 83 206
1-4_90.png 0 0 -289 83 206
1-4_180.png 0 0 -289 83 206
1-4_270.png 0 0 -289 83 206
1-4_fl.png 0 0 -289 83 206
1-6.png 0 0 -289 89 200
1-6_90.png 0 0 -289 89 200
1-6_180.png 0 0 -289 89 200
1-6_270.png 0 0 -289 89 200
1-6_fl.png 0 0 -289 89 200
1-8.png 0 0 -296 89 207
1-8_90.png 0 0 -296 89 207
1-8_180.png 0 0 -296 89 207
1-8_270.png 0 0 -296 89 207
1-8_fl.png 0 0 -296 89 207
1-9.png 0 0 -288 87 201
1-9_90.png 0 0 -288 87 201
1-9_180.png 0 0 -288 87 201
1-9_270.png 0 0 -288 87 201
1-9_fl.png 0 0 -288 87 201
1-10.png 0 0 -288 82 206
1-10_90.png 0 0 -288 82 206
1-10_180.png 0 0 -288 82 206
1-10_270.png 0 0 -288 82 206
1-10_fl.png 0 0 -288 82 206
3-1.png 10 0 -129 126 3
3-1_90.png 10 0 -129 126 3
3-1_180.png 10 0 -129 126 3
3-1_270.png 10 0 -129 126 3
3-1_fl.png 10 0 -129 126 3
3-3.png 10 0 -126 126 0
3-3_90.png 10 0 -126 126 0
3-3_180.png 10 0 -126 126 0
3-3_270.png 10 0 -126 126 0
3-3_fl.png 10 0 -126 126 0
3-7.png 10 0 -133 126 7
3-7_90.png 10 0 -133 126 7
3-7_180.png 10 0 -133 126 7
3-7_270.png 10 0 -133 126 7
3-7_fl.png 10 0 -133 126 7
3-10.png 10 0 -129 132 -3
3-10_90.png 10 0 -129 132 -3
3-10_180.png 10 0 -129 132 -3
3-10_270.png 10 0 -129 132 -3
3-10_fl.png 10 0 -129 132 -3
3-14.png 10 0 -132 124 8
3-14_90.png 10 0 -132 124 8
3-14_180.png 10 0 -132 124 8
3-14_270.png 10 0 -132 124 8
3-14_fl.png 10 0 -132 124 8
5-2.png 20 0 0 196 -196
5-2_90.png 20 0 0 196 -196
5-2_180.png 20 0 0 196 -196
5-2_270.png 20 0 0 196 -196
5-2_fl.png 20 0 0 196 -196
5-8.png 20 0 1 187 -188
5-8_90.png 20 0 1 187 -188
5-8_180.png 20 0 1 187 -188
5-8_270.png 20 0 1 187 -188
5-8_fl.png 20 0 1 187 -188
5-9.png 20 0 1 186 -187
5-9_90.png 20 0 1 186 -187
5-9_180.png 20 0 1 186 -187
5-9_270.png 20 0 1 186 -187
5-9_fl.png 20 0 1 186 -187
5-12.png 20 0 1 189 -190
5-12_90.png 20 0 1 189 -190
5-12_180.png 20 0 1 189 -190
5-12_270.png 20 0 1 189 -190
5-12_fl.png 20 0 1 189 -190
5-15.png 20 0 1 187 -188
5-15_90.png 20 0 1 187 -188
5-15_180.png 20 0 1 187 -188
5-15_270.png 20 0 1 187 -188
5-15_fl.png 20 0 1 187 -188
6-4.png 0 5 -208 50 158
6-4_90.png 0 5 -208 50 158
6-4_180.png 0 5 -208 50 158
6-4_270.png 0 5 -208 50 158
6-4_fl.png 0 5 -208 50 158
6-6.png 0 5 -209 51 158
6-6_90.png 0 5 -209 51 158
6-6_180.png 0 5 -209 51 158
6-6_270.png 0 5 -209 51 158
6-6_fl.png 0 5 -209 51 158
6-8.png 0 5 -208 50 158
6-8_90.png 0 5 -208 50 158
6-8_180.png 0 5 -208 50 158
6-8_270.png 0 5 -208 50 158
6-8_fl.png 0 5 -208 50 158
6-12.png 0 5 -209 51 158
6-12_90.png 0 5 -209 51 158
6-12_180.png 0 5 -209 51 158
6-12_270.png 0 5 -209 51 158
6-12_fl.png 0 5 -209 51 158
6-13.png 0 5 -205 51 154
6-13_90.png 0 5 -205 51 154
6-13_180.png 0 5 -205 51 154
6-13_270.png 0 5 -205 51 154
6-13_fl.png 0 5 -205 51 154
7-2.png 5 5 -144 58 86
7-2_90.png 5 5 -144 58 86
7-2_180.png 5 5 -144 58 86
7-2_270.png 5 5 -144 58 86
7-2_fl.png 5 5 -144 58 86
7-3.png 5 5 -146 60 86
7-3_90.png 5 5 -146 60 86
7-3_180.png 5 5 -146 60 86
7-3_270.png 5 5 -146 60 86
7-3_fl.png 5 5 -146 60 86
7-9.png 5 5 -148 59 89
7-9_90.png 5 5 -148 59 89
7-9_180.png 5 5 -148 59 89
7-9_270.png 5 5 -148 59 89
7-9_fl.png 5 5 -148 59 89
7-14.png 5 5 -147 60 87
7-14_90.png 5 5 -147 60 87
7-14_180.png 5 5 -147 60 87
7-14_270.png 5 5 -147 60 87
7-14_fl.png 5 5 -147 60 87
7-15.png 5 5 -144 58 86
7-15_90.png 5 5 -144 58 86
7-15_180.png 5 5 -144 58 86
7-15_270.png 5 5 -144 58 86
7-15_fl.png 5 5 -144 58 86
8-9.png 10 5 -74 68 6
8-9_90.png 10 5 -74 68 6
8-9_180.png 10 5 -74 68 6
8-9_270.png 10 5 -74 68 6
8-9_fl.png 10 5 -74 68 6
8-11.png 10 5 -71 68 3
8-11_90.png 10 5 -71 68 3
8-11_180.png 10 5 -71 68 3
8-11_270.png 10 5 -71 68 3
8-11_fl.png 10 5 -71 68 3
8-13.png 10 5 -76 71 5
8-13_90.png 10 5 -76 71 5
8-13_180.png 10 5 -76 71 5
8-13_270.png 10 5 -76 71 5
8-13_fl.png 10 5 -76 71 5
8-14.png 10 5 -75 69 6
8-14_90.png 10 5 -75 69 6
8-14_180.png 10 5 -75 69 6
8-14_270.png 10 5 -75 69 6
8-14_fl.png 10 5 -75 69 6
8-15.png 10 5 -75 69 6
8-15_90.png 10 5 -75 69 6
8-15_180.png 10 5 -75 69 6
8-15_270.png 10 5 -75 69 6
8-15_fl.png 10 5 -75 69 6
9-1.png 15 5 -5 86 -81
9-1_90.png 15 5 -5 86 -81
9-1_180.png 15 5 -5 86 -81
9-1_270.png 15 5 -5 86 -81
9-1_fl.png 15 5 -5 86 -81
9-7.png 15 5 4 80 -84
9-7_90.png 15 5 4 80 -84
9-7_180.png 15 5 4 80 -84
9-7_270.png 15 5 4 80 -84
9-7_fl.png 15 5 4 80 -84
9-9.png 15 5 -1 81 -80
9-9_90.png 15 5 -1 81 -80
9-9_180.png 15 5 -1 81 -80
9-9_270.png 15 5 -1 81 -80
9-9_fl.png 15 5 -1 81 -80
9-10.png 15 5 -2 82 -80
9-10_90.png 15 5 -2 82 -80
9-10_180.png 15 5 -2 82 -80
9-10_270.png 15 5 -2 82 -80
9-10_fl.png 15 5 -2 82 -80
9-15.png 15 5 -2 86 -84
9-15_90.png 15 5 -2 86 -84
9-15_180.png 15 5 -2 86 -84
9-15_270.png 15 5 -2 86 -84
9-15_fl.png 15 5 -2 86 -84
11-2.png 0 10 -129 3 126
11-2_90.png 0 10 -129 3 126
11-2_180.png 0 10 -129 3 126
11-2_270.png 0 10 -129 3 126
11-2_fl.png 0 10 -129 3 126
11-5.png 0 10 -126 -1 127
11-5_90.png 0 10 -126 -1 127
11-5_180.png 0 10 -126 -1 127
11-5_270.png 0 10 -126 -1 127
11-5_fl.png 0 10 -126 -1 127
11-6.png 0 10 -127 3 124
11-6_90.png 0 10 -127 3 124
11-6_180.png 0 10 -127 3 124
11-6_270.png 0 10 -127 3 124
11-6_fl.png 0 10 -127 3 124
11-10.png 0 10 -127 3 124
11-10_90.png 0 10 -127 3 124
11-10_180.png 0 10 -127 3 124
11-10_270.png 0 10 -127 3 124
11-10_fl.png 0 10 -127 3 124
11-13.png 0 10 -126 3 123
11-13_90.png 0 10 -126 3 123
11-13_180.png 0 10 -126 3 123
11-13_270.png 0 10 -126 3 123
11-13_fl.png 0 10 -126 3 123
12-2.png 5 10 -72 2 70
12-2_90.png 5 10 -72 2 70
12-2_180.png 5 10 -72 2 70
12-2_270.png 5 10 -72 2 70
12-2_fl.png 5 10 -72 2 70
12-3.png 5 10 -70 3 67
12-3_90.png 5 10 -70 3 67
12-3_180.png 5 10 -70 3 67
12-3_270.png 5 10 -70 3 67
12-3_fl.png 5 10 -70 3 67
12-5.png 5 10 -66 -3 69
12-5_90.png 5 10 -66 -3 69
12-5_180.png 5 10 -66 -3 69
12-5_270.png 5 10 -66 -3 69
12-5_fl.png 5 10 -66 -3 69
12-6.png 5 10 -67 2 65
12-6_90.png 5 10 -67 2 65
12-6_180.png 5 10 -67 2 65
12-6_270.png 5 10 -67 2 65
12-6_fl.png 5 10 -67 2 65
12-7.png 5 10 -64 -3 67
12-7_90.png 5 10 -64 -3 67
12-7_180.png 5 10 -64 -3 67
12-7_270.png 5 10 -64 -3 67
12-7_fl.png 5 10 -64 -3 67
13-6.png 10 10 4 -7 3
13-6_90.png 10 10 4 -7 3
13-6_180.png 10 10 4 -7 3
13-6_270.png 10 10 4 -7 3
13-6_fl.png 10 10 4 -7 3
13-7.png 10 10 1 -1 0
13-7_90.png 10 10 1 -1 0
13-7_180.png 10 10 1 -1 0
13-7_270.png 10 10 1 -1 0
13-7_fl.png 10 10 1 -1 0
13-11.png 10 10 -5 3 2
13-11_90.png 10 10 -5 3 2
13-11_180.png 10 10 -5 3 2
13-11_270.png 10 10 -5 3 2
13-11_fl.png 10 10 -5 3 2
13-14.png 10 10 0 1 -1
13-14_90.png 10 10 0 1 -1
13-14_180.png 10 10 0 1 -1
13-14_270.png 10 10 0 1 -1
13-14_fl.png 10 10 0 1 -1
13-15.png 10 10 0 1 -1
13-15_90.png 10 10 0 1 -1
13-15_180.png 10 10 0 1 -1
13-15_270.png 10 10 0 1 -1
13-15_fl.png 10 10 0 1 -1
14-2.png 15 10 68 -3 -65
14-2_90.png 15 10 68 -3 -65
14-2_180.png 15 10 68 -3 -65
14-2_270.png 15 10 68 -3 -65
14-2_fl.png 15 10 68 -3 -65
14-5.png 15 10 68 -4 -64
14-5_90.png 15 10 68 -4 -64
14-5_180.png 15 10 68 -4 -64
14-5_270.png 15 10 68 -4 -64
14-5_fl.png 15 10 68 -4 -64
14-8.png 15 10 67 -4 -63
14-8_90.png 15 10 67 -4 -63
14-8_180.png 15 10 67 -4 -63
14-8_270.png 15 10 67 -4 -63
14-8_fl.png 15 10 67 -4 -63
14-11.png 15 10 66 -2 -64
14-11_90.png 15 10 66 -2 -64
14-11_180.png 15 10 66 -2 -64
14-11_270.png 15 10 66 -2 -64
14-11_fl.png 15 10 66 -2 -64
14-15.png 15 10 66 -1 -65
14-15_90.png 15 10 66 -1 -65
14-15_180.png 15 10 66 -1 -65
14-15_270.png 15 10 66 -1 -65
14-15_fl.png 15 10 66 -1 -65
16-1.png 0 15 -64 -40 104
16-1_90.png 0 15 -64 -40 104
16-1_180.png 0 15 -64 -40 104
16-1_270.png 0 15 -64 -40 104
16-1_fl.png 0 15 -64 -40 104
16-3.png 0 15 -62 -40 102
16-3_90.png 0 15 -62 -40 102
16-3_180.png 0 15 -62 -40 102
16-3_270.png 0 15 -62 -40 102
16-3_fl.png 0 15 -62 -40 102
16-6.png 0 15 -61 -45 106
16-6_90.png 0 15 -61 -45 106
16-6_180.png 0 15 -61 -45 106
16-6_270.png 0 15 -61 -45 106
16-6_fl.png 0 15 -61 -45 106
16-12.png 0 15 -57 -42 99
16-12_90.png 0 15 -57 -42 99
16-12_180.png 0 15 -57 -42 99
16-12_270.png 0 15 -57 -42 99
16-12_fl.png 0 15 -57 -42 99
16-13.png 0 15 -56 -51 107
16-13_90.png 0 15 -56 -51 107
16-13_180.png 0 15 -56 -51 107
16-13_270.png 0 15 -56 -51 107
16-13_fl.png 0 15 -56 -51 107
18-4.png 10 15 72 -75 3
18-4_90.png 10 15 72 -75 3
18-4_180.png 10 15 72 -75 3
18-4_270.png 10 15 72 -75 3
18-4_fl.png 10 15 72 -75 3
18-5.png 10 15 66 -71 5
18-5_90.png 10 15 66 -71 5
18-5_180.png 10 15 66 -71 5
18-5_270.png 10 15 66 -71 5
18-5_fl.png 10 15 66 -71 5
18-8.png 10 15 70 -71 1
18-8_90.png 10 15 70 -71 1
18-8_180.png 10 15 70 -71 1
18-8_270.png 10 15 70 -71 1
18-8_fl.png 10 15 70 -71 1
18-11.png 10 15 68 -68 0
18-11_90.png 10 15 68 -68 0
18-11_180.png 10 15 68 -68 0
18-11_270.png 10 15 68 -68 0
18-11_fl.png 10 15 68 -68 0
18-14.png 10 15 73 -71 -2
18-14_90.png 10 15 73 -71 -2
18-14_180.png 10 15 73 -71 -2
18-14_270.png 10 15 73 -71 -2
18-14_fl.png 10 15 73 -71 -2
19-3.png 15 15 140 -91 -49
19-3_90.png 15 15 140 -91 -49
19-3_180.png 15 15 140 -91 -49
19-3_270.png 15 15 140 -91 -49
19-3_fl.png 15 15 140 -91 -49
19-8.png 15 15 138 -91 -47
19-8_90.png 15 15 138 -91 -47
19-8_180.png 15 15 138 -91 -47
19-8_270.png 15 15 138 -91 -47
19-8_fl.png 15 15 138 -91 -47
19-10.png 15 15 145 -94 -51
19-10_90.png 15 15 145 -94 -51
19-10_180.png 15 15 145 -94 -51
19-10_270.png 15 15 145 -94 -51
19-10_fl.png 15 15 145 -94 -51
19-11.png 15 15 142 -89 -53
19-11_90.png 15 15 142 -89 -53
19-11_180.png 15 15 142 -89 -53
19-11_270.png 15 15 142 -89 -53
19-11_fl.png 15 15 142 -89 -53
19-12.png 15 15 138 -86 -52
19-12_90.png 15 15 138 -86 -52
19-12_180.png 15 15 138 -86 -52
19-12_270.png 15 15 138 -86 -52
19-12_fl.png 15 15 138 -86 -52
20-3.png 20 15 204 -112 -92
20-3_90.png 20 15 204 -112 -92
20-3_180.png 20 15 204 -112 -92
20-3_270.png 20 15 204 -112 -92
20-3_fl.png 20 15 204 -112 -92
20-4.png 20 15 205 -113 -92
20-4_90.png 20 15 205 -113 -92
20-4_180.png 20 15 205 -113 -92
20-4_270.png 20 15 205 -113 -92
20-4_fl.png 20 15 205 -113 -92
20-8.png 20 15 206 -114 -92
20-8_90.png 20 15 206 -114 -92
20-8_180.png 20 15 206 -114 -92
20-8_270.png 20 15 206 -114 -92
20-8_fl.png 20 15 206 -114 -92
20-11.png 20 15 204 -111 -93
20-11_90.png 20 15 204 -111 -93
20-11_180.png 20 15 204 -111 -93
20-11_270.png 20 15 204 -111 -93
20-11_fl.png 20 15 204 -111 -93
20-14.png 20 15 204 -112 -92
20-14_90.png 20 15 204 -112 -92
20-14_180.png 20 15 204 -112 -92
20-14_270.png 20 15 204 -112 -92
20-14_fl.png 20 15 204 -112 -92
21-2.png 0 20 -7 -78 85
21-2_90.png 0 20 -7 -78 85
21-2_180.png 0 20 -7 -78 85
21-2_270.png 0 20 -7 -78 85
21-2_fl.png 0 20 -7 -78 85
21-7.png 0 20 -8 -79 87
21-7_90.png 0 20 -8 -79 87
21-7_180.png 0 20 -8 -79 87
21-7_270.png 0 20 -8 -79 87
21-7_fl.png 0 20 -8 -79 87
21-9.png 0 20 -6 -83 89
21-9_90.png 0 20 -6 -83 89
21-9_180.png 0 20 -6 -83 89
21-9_270.png 0 20 -6 -83 89
21-9_fl.png 0 20 -6 -83 89
21-11.png 0 20 -8 -82 90
21-11_90.png 0 20 -8 -82 90
21-11_180.png 0 20 -8 -82 90
21-11_270.png 0 20 -8 -82 90
21-11_fl.png 0 20 -8 -82 90
21-14.png 0 20 -2 -84 86
21-14_90.png 0 20 -2 -84 86
21-14_180.png 0 20 -2 -84 86
21-14_270.png 0 20 -2 -84 86
21-14_fl.png 0 20 -2 -84 86
22-1.png 5 20 55 -100 45
22-1_90.png 5 20 55 -100 45
22-1_180.png 5 20 55 -100 45
22-1_270.png 5 20 55 -100 45
22-1_fl.png 5 20 55 -100 45
22-4.png 5 20 54 -99 45
22-4_90.png 5 20 54 -99 45
22-4_180.png 5 20 54 -99 45
22-4_270.png 5 20 54 -99 45
22-4_fl.png 5 20 54 -99 45
22-5.png 5 20 56 -105 49
22-5_90.png 5 20 56 -105 49
22-5_180.png 5 20 56 -105 49
22-5_270.png 5 20 56 -105 49
22-5_fl.png 5 20 56 -105 49
22-6.png 5 20 56 -103 47
22-6_90.png 5 20 56 -103 47
22-6_180.png 5 20 56 -103 47
22-6_270.png 5 20 56 -103 47
22-6_fl.png 5 20 56 -103 47
22-13.png 5 20 57 -106 49
22-13_90.png 5 20 57 -106 49
22-13_180.png 5 20 57 -106 49
22-13_270.png 5 20 57 -106 49
22-13_fl.png 5 20 57 -106 49
23-1.png 10 20 125 -130 5
23-1_90.png 10 20 125 -130 5
23-1_180.png 10 20 125 -130 5
23-1_270.png 10 20 125 -130 5
23-1_fl.png 10 20 125 -130 5
23-4.png 10 20 127 -132 5
23-4_90.png 10 20 127 -132 5
23-4_180.png 10 20 127 -132 5
23-4_270.png 10 20 127 -132 5
23-4_fl.png 10 20 127 -132 5
23-6.png 10 20 126 -131 5
23-6_90.png 10 20 126 -131 5
23-6_180.png 10 20 126 -131 5
23-6_270.png 10 20 126 -131 5
23-6_fl.png 10 20 126 -131 5
23-12.png 10 20 128 -129 1
23-12_90.png 10 20 128 -129 1
23-12_180.png 10 20 128 -129 1
23-12_270.png 10 20 128 -129 1
23-12_fl.png 10 20 128 -129 1
23-14.png 10 20 126 -128 2
23-14_90.png 10 20 126 -128 2
23-14_180.png 10 20 126 -128 2
23-14_270.png 10 20 126 -128 2
23-14_fl.png 10 20 126 -128 2
25-2.png 20 20 280 -195 -85
25-2_90.png 20 20 280 -195 -85
25-2_180.png 20 20 280 -195 -85
25-2_270.png 20 20 280 -195 -85
25-2_fl.png 20 20 280 -195 -85
25-10.png 20 20 276 -195 -81
25-10_90.png 20 20 276 -195 -81
25-10_180.png 20 20 276 -195 -81
25-10_270.png 20 20 276 -195 -81
25-10_fl.png 20 20 276 -195 -81
25-11.png 20 20 282 -196 -86
25-11_90.png 20 20 282 -196 -86
25-11_180.png 20 20 282 -196 -86
25-11_270.png 20 20 282 -196 -86
25-11_fl.png 20 20 282 -196 -86
25-13.png 20 20 283 -200 -83
25-13_90.png 20 20 283 -200 -83
25-13_180.png 20 20 283 -200 -83
25-13_270.png 20 20 283 -200 -83
25-13_fl.png 20 20 283 -200 -83
25-14.png 20 20 281 -200 -81
25-14_90.png 20 20 281 -200 -81
25-14_180.png 20 20 281 -200 -81
25-14_270.png 20 20 281 -200 -81
25-14_fl.png 20 20 281 -200 -81
