1-1.png 0 0 -288 83 205
1-1_90.png 0 0 -288 83 205
1-1_180.png 0 0 -288 83 205
1-1_270.png 0 0 -288 83 205
1-1_fl.png 0 0 -288 83 205
1-2.png 0 0 -289 83 206
1-2_90.png 0 0 -289 83 206
1-2_180.png 0 0 -289 83 206
1-2_270.png 0 0 -289 83 206
1-2_fl.png 0 0 -289 83 206
1-3.png 0 0 -289 83 206
1-3_90.png 0 0 -289 83 206
1-3_180.png 0 0 -289 83 206
1-3_270.png 0 0 -289 83 206
1-3_fl.png 0 0 -289 83 206
1-5.png 0 0 -292 81 211
1-5_90.png 0 0 -292 81 211
1-5_180.png 0 0 -292 81 211
1-5_270.png 0 0 -292 81 211
1-5_fl.png 0 0 -292 81 211
1-6.png 0 0 -289 89 200
1-6_90.png 0 0 -289 89 200
1-6_180.png 0 0 -289 89 200
1-6_270.png 0 0 -289 89 200
1-6_fl.png 0 0 -289 89 200
1-8.png 0 0 -296 89 207
1-8_90.png 0 0 -296 89 207
1-8_180.png 0 0 -296 89 207
1-8_270.png 0 0 -296 89 207
1-8_fl.png 0 0 -296 89 207
1-10.png 0 0 -288 82 206
1-10_90.png 0 0 -288 82 206
1-10_180.png 0 0 -288 82 206
1-10_270.png 0 0 -288 82 206
1-10_fl.png 0 0 -288 82 206
1-12.png 0 0 -289 83 206
1-12_90.png 0 0 -289 83 206
1-12_180.png 0 0 -289 83 206
1-12_270.png 0 0 -289 83 206
1-12_fl.png 0 0 -289 83 206
1-13.png 0 0 -291 90 201
1-13_90.png 0 0 -291 90 201
1-13_180.png 0 0 -291 90 201
1-13_270.png 0 0 -291 90 201
1-13_fl.png 0 0 -291 90 201
1-15.png 0 0 -301 89 212
1-15_90.png 0 0 -301 89 212
1-15_180.png 0 0 -301 89 212
1-15_270.png 0 0 -301 89 212
1-15_fl.png 0 0 -301 89 212
2-1.png 5 0 -208 101 107
2-1_90.png 5 0 -208 101 107
2-1_180.png 5 0 -208 101 107
2-1_270.png 5 0 -208 101 107
2-1_fl.png 5 0 -208 101 107
2-2.png 5 0 -209 100 109
2-2_90.png 5 0 -209 100 109
2-2_180.png 5 0 -209 100 109
2-2_270.png 5 0 -209 100 109
2-2_fl.png 5 0 -209 100 109
2-3.png 5 0 -212 100 112
2-3_90.png 5 0 -212 100 112
2-3_180.png 5 0 -212 100 112
2-3_270.png 5 0 -212 100 112
2-3_fl.png 5 0 -212 100 112
2-5.png 5 0 -210 101 109
2-5_90.png 5 0 -210 101 109
2-5_180.png 5 0 -210 101 109
2-5_270.png 5 0 -210 101 109
2-5_fl.png 5 0 -210 101 109
2-6.png 5 0 -215 100 115
2-6_90.png 5 0 -215 100 115
2-6_180.png 5 0 -215 100 115
2-6_270.png 5 0 -215 100 115
2-6_fl.png 5 0 -215 100 115
2-7.png 5 0 -210 101 109
2-7_90.png 5 0 -210 101 109
2-7_180.png 5 0 -210 101 109
2-7_270.png 5 0 -210 101 109
2-7_fl.png 5 0 -210 101 109
2-8.png 5 0 -211 101 110
2-8_90.png 5 0 -211 101 110
2-8_180.png 5 0 -211 101 110
2-8_270.png 5 0 -211 101 110
2-8_fl.png 5 0 -211 101 110
2-11.png 5 0 -210 102 108
2-11_90.png 5 0 -210 102 108
2-11_180.png 5 0 -210 102 108
2-11_270.png 5 0 -210 102 108
2-11_fl.png 5 0 -210 102 108
2-13.png 5 0 -211 103 108
2-13_90.png 5 0 -211 103 108
2-13_180.png 5 0 -211 103 108
2-13_270.png 5 0 -211 103 108
2-13_fl.png 5 0 -211 103 108
2-15.png 5 0 -210 101 109
2-15_90.png 5 0 -210 101 109
2-15_180.png 5 0 -210 101 109
2-15_270.png 5 0 -210 101 109
2-15_fl.png 5 0 -210 101 109
4-1.png 15 0 -60 154 -94
4-1_90.png 15 0 -60 154 -94
4-1_180.png 15 0 -60 154 -94
4-1_270.png 15 0 -60 154 -94
4-1_fl.png 15 0 -60 154 -94
4-2.png 15 0 -64 157 -93
4-2_90.png 15 0 -64 157 -93
4-2_180.png 15 0 -64 157 -93
4-2_270.png 15 0 -64 157 -93
4-2_fl.png 15 0 -64 157 -93
4-3.png 15 0 -64 157 -93
4-3_90.png 15 0 -64 157 -93
4-3_180.png 15 0 -64 157 -93
4-3_270.png 15 0 -64 157 -93
4-3_fl.png 15 0 -64 157 -93
4-5.png 15 0 -64 157 -93
4-5_90.png 15 0 -64 157 -93
4-5_180.png 15 0 -64 157 -93
4-5_270.png 15 0 -64 157 -93
4-5_fl.png 15 0 -64 157 -93
4-6.png 15 0 -65 157 -92
4-6_90.png 15 0 -65 157 -92
4-6_180.png 15 0 -65 157 -92
4-6_270.png 15 0 -65 157 -92
4-6_fl.png 15 0 -65 157 -92
4-7.png 15 0 -64 157 -93
4-7_90.png 15 0 -64 157 -93
4-7_180.png 15 0 -64 157 -93
4-7_270.png 15 0 -64 157 -93
4-7_fl.png 15 0 -64 157 -93
4-10.png 15 0 -58 153 -95
4-10_90.png 15 0 -58 153 -95
4-10_180.png 15 0 -58 153 -95
4-10_270.png 15 0 -58 153 -95
4-10_fl.png 15 0 -58 153 -95
4-12.png 15 0 -62 155 -93
4-12_90.png 15 0 -62 155 -93
4-12_180.png 15 0 -62 155 -93
4-12_270.png 15 0 -62 155 -93
4-12_fl.png 15 0 -62 155 -93
4-14.png 15 0 -63 157 -94
4-14_90.png 15 0 -63 157 -94
4-14_180.png 15 0 -63 157 -94
4-14_270.png 15 0 -63 157 -94
4-14_fl.png 15 0 -63 157 -94
4-15.png 15 0 -64 157 -93
4-15_90.png 15 0 -64 157 -93
4-15_180.png 15 0 -64 157 -93
4-15_270.png 15 0 -64 157 -93
4-15_fl.png 15 0 -64 157 -93
5-1.png 20 0 1 187 -188
5-1_90.png 20 0 1 187 -188
5-1_180.png 20 0 1 187 -188
5-1_270.png 20 0 1 187 -188
5-1_fl.png 20 0 1 187 -188
5-2.png 20 0 0 196 -196
5-2_90.png 20 0 0 196 -196
5-2_180.png 20 0 0 196 -196
5-2_270.png 20 0 0 196 -196
5-2_fl.png 20 0 0 196 -196
5-4.png 20 0 2 192 -194
5-4_90.png 20 0 2 192 -194
5-4_180.png 20 0 2 192 -194
5-4_270.png 20 0 2 192 -194
5-4_fl.png 20 0 2 192 -194
5-7.png 20 0 1 186 -187
5-7_90.png 20 0 1 186 -187
5-7_180.png 20 0 1 186 -187
5-7_270.png 20 0 1 186 -187
5-7_fl.png 20 0 1 186 -187
5-8.png 20 0 1 187 -188
5-8_90.png 20 0 1 187 -188
5-8_180.png 20 0 1 187 -188
5-8_270.png 20 0 1 187 -188
5-8_fl.png 20 0 1 187 -188
5-9.png 20 0 1 186 -187
5-9_90.png 20 0 1 186 -187
5-9_180.png 20 0 1 186 -187
5-9_270.png 20 0 1 186 -187
5-9_fl.png 20 0 1 186 -187
5-11.png 20 0 -1 192 -191
5-11_90.png 20 0 -1 192 -191
5-11_180.png 20 0 -1 192 -191
5-11_270.png 20 0 -1 192 -191
5-11_fl.png 20 0 -1 192 -191
5-12.png 20 0 1 189 -190
5-12_90.png 20 0 1 189 -190
5-12_180.png 20 0 1 189 -190
5-12_270.png 20 0 1 189 -190
5-12_fl.png 20 0 1 189 -190
5-14.png 20 0 1 194 -195
5-14_90.png 20 0 1 194 -195
5-14_180.png 20 0 1 194 -195
5-14_270.png 20 0 1 194 -195
5-14_fl.png 20 0 1 194 -195
5-15.png 20 0 1 187 -188
5-15_90.png 20 0 1 187 -188
5-15_180.png 20 0 1 187 -188
5-15_270.png 20 0 1 187 -188
5-15_fl.png 20 0 1 187 -188
6-2.png 0 5 -209 52 157
6-2_90.png 0 5 -209 52 157
6-2_180.png 0 5 -209 52 157
6-2_270.png 0 5 -209 52 157
6-2_fl.png 0 5 -209 52 157
6-3.png 0 5 -210 51 159
6-3_90.png 0 5 -210 51 159
6-3_180.png 0 5 -210 51 159
6-3_270.png 0 5 -210 51 159
6-3_fl.png 0 5 -210 51 159
6-4.png 0 5 -208 50 158
6-4_90.png 0 5 -208 50 158
6-4_180.png 0 5 -208 50 158
6-4_270.png 0 5 -208 50 158
6-4_fl.png 0 5 -208 50 158
6-6.png 0 5 -209 51 158
6-6_90.png 0 5 -209 51 158
6-6_180.png 0 5 -209 51 158
6-6_270.png 0 5 -209 51 158
6-6_fl.png 0 5 -209 51 158
6-8.png 0 5 -208 50 158
6-8_90.png 0 5 -208 50 158
6-8_180.png 0 5 -208 50 158
6-8_270.png 0 5 -208 50 158
6-8_fl.png 0 5 -208 50 158
6-9.png 0 5 -209 50 159
6-9_90.png 0 5 -209 50 159
6-9_180.png 0 5 -209 50 159
6-9_270.png 0 5 -209 50 159
6-9_fl.png 0 5 -209 50 159
6-11.png 0 5 -209 50 159
6-11_90.png 0 5 -209 50 159
6-11_180.png 0 5 -209 50 159
6-11_270.png 0 5 -209 50 159
6-11_fl.png 0 5 -209 50 159
6-13.png 0 5 -205 51 154
6-13_90.png 0 5 -205 51 154
6-13_180.png 0 5 -205 51 154
6-13_270.png 0 5 -205 51 154
6-13_fl.png 0 5 -205 51 154
6-14.png 0 5 -207 50 157
6-14_90.png 0 5 -207 50 157
6-14_180.png 0 5 -207 50 157
6-14_270.png 0 5 -207 50 157
6-14_fl.png 0 5 -207 50 157
6-15.png 0 5 -207 51 156
6-15_90.png 0 5 -207 51 156
6-15_180.png 0 5 -207 51 156
6-15_270.png 0 5 -207 51 156
6-15_fl.png 0 5 -207 51 156
8-1.png 10 5 -73 69 4
8-1_90.png 10 5 -73 69 4
8-1_180.png 10 5 -73 69 4
8-1_270.png 10 5 -73 69 4
8-1_fl.png 10 5 -73 69 4
8-2.png 10 5 -69 68 1
8-2_90.png 10 5 -69 68 1
8-2_180.png 10 5 -69 68 1
8-2_270.png 10 5 -69 68 1
8-2_fl.png 10 5 -69 68 1
8-5.png 10 5 -75 69 6
8-5_90.png 10 5 -75 69 6
8-5_180.png 10 5 -75 69 6
8-5_270.png 10 5 -75 69 6
8-5_fl.png 10 5 -75 69 6
8-6.png 10 5 -69 65 4
8-6_90.png 10 5 -69 65 4
8-6_180.png 10 5 -69 65 4
8-6_270.png 10 5 -69 65 4
8-6_fl.png 10 5 -69 65 4
8-7.png 10 5 -71 67 4
8-7_90.png 10 5 -71 67 4
8-7_180.png 10 5 -71 67 4
8-7_270.png 10 5 -71 67 4
8-7_fl.png 10 5 -71 67 4
8-10.png 10 5 -77 70 7
8-10_90.png 10 5 -77 70 7
8-10_180.png 10 5 -77 70 7
8-10_270.png 10 5 -77 70 7
8-10_fl.png 10 5 -77 70 7
8-11.png 10 5 -71 68 3
8-11_90.png 10 5 -71 68 3
8-11_180.png 10 5 -71 68 3
8-11_270.png 10 5 -71 68 3
8-11_fl.png 10 5 -71 68 3
8-12.png 10 5 -74 69 5
8-12_90.png 10 5 -74 69 5
8-12_180.png 10 5 -74 69 5
8-12_270.png 10 5 -74 69 5
8-12_fl.png 10 5 -74 69 5
8-13.png 10 5 -76 71 5
8-13_90.png 10 5 -76 71 5
8-13_180.png 10 5 -76 71 5
8-13_270.png 10 5 -76 71 5
8-13_fl.png 10 5 -76 71 5
8-14.png 10 5 -75 69 6
8-14_90.png 10 5 -75 69 6
8-14_180.png 10 5 -75 69 6
8-14_270.png 10 5 -75 69 6
8-14_fl.png 10 5 -75 69 6
9-1.png 15 5 -5 86 -81
9-1_90.png 15 5 -5 86 -81
9-1_180.png 15 5 -5 86 -81
9-1_270.png 15 5 -5 86 -81
9-1_fl.png 15 5 -5 86 -81
9-2.png 15 5 0 82 -82
9-2_90.png 15 5 0 82 -82
9-2_180.png 15 5 0 82 -82
9-2_270.png 15 5 0 82 -82
9-2_fl.png 15 5 0 82 -82
9-3.png 15 5 -4 86 -82
9-3_90.png 15 5 -4 86 -82
9-3_180.png 15 5 -4 86 -82
9-3_270.png 15 5 -4 86 -82
9-3_fl.png 15 5 -4 86 -82
9-6.png 15 5 -6 84 -78
9-6_90.png 15 5 -6 84 -78
9-6_180.png 15 5 -6 84 -78
9-6_270.png 15 5 -6 84 -78
9-6_fl.png 15 5 -6 84 -78
9-8.png 15 5 -3 84 -81
9-8_90.png 15 5 -3 84 -81
9-8_180.png 15 5 -3 84 -81
9-8_270.png 15 5 -3 84 -81
9-8_fl.png 15 5 -3 84 -81
9-10.png 15 5 -2 82 -80
9-10_90.png 15 5 -2 82 -80
9-10_180.png 15 5 -2 82 -80
9-10_270.png 15 5 -2 82 -80
9-10_fl.png 15 5 -2 82 -80
9-11.png 15 5 -2 83 -81
9-11_90.png 15 5 -2 83 -81
9-11_180.png 15 5 -2 83 -81
9-11_270.png 15 5 -2 83 -81
9-11_fl.png 15 5 -2 83 -81
9-12.png 15 5 -1 83 -82
9-12_90.png 15 5 -1 83 -82
9-12_180.png 15 5 -1 83 -82
9-12_270.png 15 5 -1 83 -82
9-12_fl.png 15 5 -1 83 -82
9-14.png 15 5 1 83 -84
9-14_90.png 15 5 1 83 -84
9-14_180.png 15 5 1 83 -84
9-14_270.png 15 5 1 83 -84
9-14_fl.png 15 5 1 83 -84
9-15.png 15 5 -2 86 -84
9-15_90.png 15 5 -2 86 -84
9-15_180.png 15 5 -2 86 -84
9-15_270.png 15 5 -2 86 -84
9-15_fl.png 15 5 -2 86 -84
10-2.png 20 5 61 88 -149
10-2_90.png 20 5 61 88 -149
10-2_180.png 20 5 61 88 -149
10-2_270.png 20 5 61 88 -149
10-2_fl.png 20 5 61 88 -149
10-3.png 20 5 58 91 -149
10-3_90.png 20 5 58 91 -149
10-3_180.png 20 5 58 91 -149
10-3_270.png 20 5 58 91 -149
10-3_fl.png 20 5 58 91 -149
10-4.png 20 5 59 87 -146
10-4_90.png 20 5 59 87 -146
10-4_180.png 20 5 59 87 -146
10-4_270.png 20 5 59 87 -146
10-4_fl.png 20 5 59 87 -146
10-5.png 20 5 63 91 -154
10-5_90.png 20 5 63 91 -154
10-5_180.png 20 5 63 91 -154
10-5_270.png 20 5 63 91 -154
10-5_fl.png 20 5 63 91 -154
10-6.png 20 5 59 87 -146
10-6_90.png 20 5 59 87 -146
10-6_180.png 20 5 59 87 -146
10-6_270.png 20 5 59 87 -146
10-6_fl.png 20 5 59 87 -146
10-8.png 20 5 65 89 -154
10-8_90.png 20 5 65 89 -154
10-8_180.png 20 5 65 89 -154
10-8_270.png 20 5 65 89 -154
10-8_fl.png 20 5 65 89 -154
10-9.png 20 5 59 87 -146
10-9_90.png 20 5 59 87 -146
10-9_180.png 20 5 59 87 -146
10-9_270.png 20 5 59 87 -146
10-9_fl.png 20 5 59 87 -146
10-10.png 20 5 58 92 -150
10-10_90.png 20 5 58 92 -150
10-10_180.png 20 5 58 92 -150
10-10_270.png 20 5 58 92 -150
10-10_fl.png 20 5 58 92 -150
10-11.png 20 5 61 87 -148
10-11_90.png 20 5 61 87 -148
10-11_180.png 20 5 61 87 -148
10-11_270.png 20 5 61 87 -148
10-11_fl.png 20 5 61 87 -148
10-13.png 20 5 58 90 -148
10-13_90.png 20 5 58 90 -148
10-13_180.png 20 5 58 90 -148
10-13_270.png 20 5 58 90 -148
10-13_fl.png 20 5 58 90 -148
11-1.png 0 10 -129 3 126
11-1_90.png 0 10 -129 3 126
11-1_180.png 0 10 -129 3 126
11-1_270.png 0 10 -129 3 126
11-1_fl.png 0 10 -129 3 126
11-2.png 0 10 -129 3 126
11-2_90.png 0 10 -129 3 126
11-2_180.png 0 10 -129 3 126
11-2_270.png 0 10 -129 3 126
11-2_fl.png 0 10 -129 3 126
11-3.png 0 10 -133 3 130
11-3_90.png 0 10 -133 3 130
11-3_180.png 0 10 -133 3 130
11-3_270.png 0 10 -133 3 130
11-3_fl.png 0 10 -133 3 130
11-5.png 0 10 -126 -1 127
11-5_90.png 0 10 -126 -1 127
11-5_180.png 0 10 -126 -1 127
11-5_270.png 0 10 -126 -1 127
11-5_fl.png 0 10 -126 -1 127
11-7.png 0 10 -132 3 129
11-7_90.png 0 10 -132 3 129
11-7_180.png 0 10 -132 3 129
11-7_270.png 0 10 -132 3 129
11-7_fl.png 0 10 -132 3 129
11-8.png 0 10 -129 0 129
11-8_90.png 0 10 -129 0 129
11-8_180.png 0 10 -129 0 129
11-8_270.png 0 10 -129 0 129
11-8_fl.png 0 10 -129 0 129
11-12.png 0 10 -131 3 128
11-12_90.png 0 10 -131 3 128
11-12_180.png 0 10 -131 3 128
11-12_270.png 0 10 -131 3 128
11-12_fl.png 0 10 -131 3 128
11-13.png 0 10 -126 3 123
11-13_90.png 0 10 -126 3 123
11-13_180.png 0 10 -126 3 123
11-13_270.png 0 10 -126 3 123
11-13_fl.png 0 10 -126 3 123
11-14.png 0 10 -127 -2 129
11-14_90.png 0 10 -127 -2 129
11-14_180.png 0 10 -127 -2 129
11-14_270.png 0 10 -127 -2 129
11-14_fl.png 0 10 -127 -2 129
11-15.png 0 10 -126 3 123
11-15_90.png 0 10 -126 3 123
11-15_180.png 0 10 -126 3 123
11-15_270.png 0 10 -126 3 123
11-15_fl.png 0 10 -126 3 123
12-2.png 5 10 -72 2 70
12-2_90.png 5 10 -72 2 70
12-2_180.png 5 10 -72 2 70
12-2_270.png 5 10 -72 2 70
12-2_fl.png 5 10 -72 2 70
12-3.png 5 10 -70 3 67
12-3_90.png 5 10 -70 3 67
12-3_180.png 5 10 -70 3 67
12-3_270.png 5 10 -70 3 67
12-3_fl.png 5 10 -70 3 67
12-5.png 5 10 -66 -3 69
12-5_90.png 5 10 -66 -3 69
12-5_180.png 5 10 -66 -3 69
12-5_270.png 5 10 -66 -3 69
12-5_fl.png 5 10 -66 -3 69
12-6.png 5 10 -67 2 65
12-6_90.png 5 10 -67 2 65
12-6_180.png 5 10 -67 2 65
12-6_270.png 5 10 -67 2 65
12-6_fl.png 5 10 -67 2 65
12-8.png 5 10 -68 0 68
12-8_90.png 5 10 -68 0 68
12-8_180.png 5 10 -68 0 68
12-8_270.png 5 10 -68 0 68
12-8_fl.png 5 10 -68 0 68
12-10.png 5 10 -64 0 64
12-10_90.png 5 10 -64 0 64
12-10_180.png 5 10 -64 0 64
12-10_270.png 5 10 -64 0 64
12-10_fl.png 5 10 -64 0 64
12-11.png 5 10 -71 4 67
12-11_90.png 5 10 -71 4 67
12-11_180.png 5 10 -71 4 67
12-11_270.png 5 10 -71 4 67
12-11_fl.png 5 10 -71 4 67
12-12.png 5 10 -71 0 71
12-12_90.png 5 10 -71 0 71
12-12_180.png 5 10 -71 0 71
12-12_270.png 5 10 -71 0 71
12-12_fl.png 5 10 -71 0 71
12-14.png 5 10 -65 2 63
12-14_90.png 5 10 -65 2 63
12-14_180.png 5 10 -65 2 63
12-14_270.png 5 10 -65 2 63
12-14_fl.png 5 10 -65 2 63
12-15.png 5 10 -67 3 64
12-15_90.png 5 10 -67 3 64
12-15_180.png 5 10 -67 3 64
12-15_270.png 5 10 -67 3 64
12-15_fl.png 5 10 -67 3 64
13-1.png 10 10 -1 2 -1
13-1_90.png 10 10 -1 2 -1
13-1_180.png 10 10 -1 2 -1
13-1_270.png 10 10 -1 2 -1
13-1_fl.png 10 10 -1 2 -1
13-2.png 10 10 4 -6 2
13-2_90.png 10 10 4 -6 2
13-2_180.png 10 10 4 -6 2
13-2_270.png 10 10 4 -6 2
13-2_fl.png 10 10 4 -6 2
13-5.png 10 10 4 -4 0
13-5_90.png 10 10 4 -4 0
13-5_180.png 10 10 4 -4 0
13-5_270.png 10 10 4 -4 0
13-5_fl.png 10 10 4 -4 0
13-6.png 10 10 4 -7 3
13-6_90.png 10 10 4 -7 3
13-6_180.png 10 10 4 -7 3
13-6_270.png 10 10 4 -7 3
13-6_fl.png 10 10 4 -7 3
13-7.png 10 10 1 -1 0
13-7_90.png 10 10 1 -1 0
13-7_180.png 10 10 1 -1 0
13-7_270.png 10 10 1 -1 0
13-7_fl.png 10 10 1 -1 0
13-9.png 10 10 -1 1 0
13-9_90.png 10 10 -1 1 0
13-9_180.png 10 10 -1 1 0
13-9_270.png 10 10 -1 1 0
13-9_fl.png 10 10 -1 1 0
13-10.png 10 10 -2 1 1
13-10_90.png 10 10 -2 1 1
13-10_180.png 10 10 -2 1 1
13-10_270.png 10 10 -2 1 1
13-10_fl.png 10 10 -2 1 1
13-11.png 10 10 -5 3 2
13-11_90.png 10 10 -5 3 2
13-11_180.png 10 10 -5 3 2
13-11_270.png 10 10 -5 3 2
13-11_fl.png 10 10 -5 3 2
13-12.png 10 10 1 -1 0
13-12_90.png 10 10 1 -1 0
13-12_180.png 10 10 1 -1 0
13-12_270.png 10 10 1 -1 0
13-12_fl.png 10 10 1 -1 0
13-15.png 10 10 0 1 -1
13-15_90.png 10 10 0 1 -1
13-15_180.png 10 10 0 1 -1
13-15_270.png 10 10 0 1 -1
13-15_fl.png 10 10 0 1 -1
14-1.png 15 10 73 -5 -68
14-1_90.png 15 10 73 -5 -68
14-1_180.png 15 10 73 -5 -68
14-1_270.png 15 10 73 -5 -68
14-1_fl.png 15 10 73 -5 -68
14-2.png 15 10 68 -3 -65
14-2_90.png 15 10 68 -3 -65
14-2_180.png 15 10 68 -3 -65
14-2_270.png 15 10 68 -3 -65
14-2_fl.png 15 10 68 -3 -65
14-4.png 15 10 67 -4 -63
14-4_90.png 15 10 67 -4 -63
14-4_180.png 15 10 67 -4 -63
14-4_270.png 15 10 67 -4 -63
14-4_fl.png 15 10 67 -4 -63
14-5.png 15 10 68 -4 -64
14-5_90.png 15 10 68 -4 -64
14-5_180.png 15 10 68 -4 -64
14-5_270.png 15 10 68 -4 -64
14-5_fl.png 15 10 68 -4 -64
14-6.png 15 10 66 -2 -64
14-6_90.png 15 10 66 -2 -64
14-6_180.png 15 10 66 -2 -64
14-6_270.png 15 10 66 -2 -64
14-6_fl.png 15 10 66 -2 -64
14-7.png 15 10 68 -2 -66
14-7_90.png 15 10 68 -2 -66
14-7_180.png 15 10 68 -2 -66
14-7_270.png 15 10 68 -2 -66
14-7_fl.png 15 10 68 -2 -66
14-8.png 15 10 67 -4 -63
14-8_90.png 15 10 67 -4 -63
14-8_180.png 15 10 67 -4 -63
14-8_270.png 15 10 67 -4 -63
14-8_fl.png 15 10 67 -4 -63
14-10.png 15 10 67 -3 -64
14-10_90.png 15 10 67 -3 -64
14-10_180.png 15 10 67 -3 -64
14-10_270.png 15 10 67 -3 -64
14-10_fl.png 15 10 67 -3 -64
14-12.png 15 10 71 -4 -67
14-12_90.png 15 10 71 -4 -67
14-12_180.png 15 10 71 -4 -67
14-12_270.png 15 10 71 -4 -67
14-12_fl.png 15 10 71 -4 -67
14-14.png 15 10 65 -6 -59
14-14_90.png 15 10 65 -6 -59
14-14_180.png 15 10 65 -6 -59
14-14_270.png 15 10 65 -6 -59
14-14_fl.png 15 10 65 -6 -59
16-2.png 0 15 -62 -44 106
16-2_90.png 0 15 -62 -44 106
16-2_180.png 0 15 -62 -44 106
16-2_270.png 0 15 -62 -44 106
16-2_fl.png 0 15 -62 -44 106
16-3.png 0 15 -62 -40 102
16-3_90.png 0 15 -62 -40 102
16-3_180.png 0 15 -62 -40 102
16-3_270.png 0 15 -62 -40 102
16-3_fl.png 0 15 -62 -40 102
16-5.png 0 15 -60 -41 101
16-5_90.png 0 15 -60 -41 101
16-5_180.png 0 15 -60 -41 101
16-5_270.png 0 15 -60 -41 101
16-5_fl.png 0 15 -60 -41 101
16-6.png 0 15 -61 -45 106
16-6_90.png 0 15 -61 -45 106
16-6_180.png 0 15 -61 -45 106
16-6_270.png 0 15 -61 -45 106
16-6_fl.png 0 15 -61 -45 106
16-7.png 0 15 -60 -44 104
16-7_90.png 0 15 -60 -44 104
16-7_180.png 0 15 -60 -44 104
16-7_270.png 0 15 -60 -44 104
16-7_fl.png 0 15 -60 -44 104
16-8.png 0 15 -59 -41 100
16-8_90.png 0 15 -59 -41 100
16-8_180.png 0 15 -59 -41 100
16-8_270.png 0 15 -59 -41 100
16-8_fl.png 0 15 -59 -41 100
16-9.png 0 15 -60 -39 99
16-9_90.png 0 15 -60 -39 99
16-9_180.png 0 15 -60 -39 99
16-9_270.png 0 15 -60 -39 99
16-9_fl.png 0 15 -60 -39 99
16-11.png 0 15 -63 -43 106
16-11_90.png 0 15 -63 -43 106
16-11_180.png 0 15 -63 -43 106
16-11_270.png 0 15 -63 -43 106
16-11_fl.png 0 15 -63 -43 106
16-14.png 0 15 -41 -50 91
16-14_90.png 0 15 -41 -50 91
16-14_180.png 0 15 -41 -50 91
16-14_270.png 0 15 -41 -50 91
16-14_fl.png 0 15 -41 -50 91
16-15.png 0 15 -63 -38 101
16-15_90.png 0 15 -63 -38 101
16-15_180.png 0 15 -63 -38 101
16-15_270.png 0 15 -63 -38 101
16-15_fl.png 0 15 -63 -38 101
18-1.png 10 15 73 -70 -3
18-1_90.png 10 15 73 -70 -3
18-1_180.png 10 15 73 -70 -3
18-1_270.png 10 15 73 -70 -3
18-1_fl.png 10 15 73 -70 -3
18-3.png 10 15 72 -74 2
18-3_90.png 10 15 72 -74 2
18-3_180.png 10 15 72 -74 2
18-3_270.png 10 15 72 -74 2
18-3_fl.png 10 15 72 -74 2
18-4.png 10 15 72 -75 3
18-4_90.png 10 15 72 -75 3
18-4_180.png 10 15 72 -75 3
18-4_270.png 10 15 72 -75 3
18-4_fl.png 10 15 72 -75 3
18-5.png 10 15 66 -71 5
18-5_90.png 10 15 66 -71 5
18-5_180.png 10 15 66 -71 5
18-5_270.png 10 15 66 -71 5
18-5_fl.png 10 15 66 -71 5
18-7.png 10 15 71 -70 -1
18-7_90.png 10 15 71 -70 -1
18-7_180.png 10 15 71 -70 -1
18-7_270.png 10 15 71 -70 -1
18-7_fl.png 10 15 71 -70 -1
18-9.png 10 15 67 -69 2
18-9_90.png 10 15 67 -69 2
18-9_180.png 10 15 67 -69 2
18-9_270.png 10 15 67 -69 2
18-9_fl.png 10 15 67 -69 2
18-11.png 10 15 68 -68 0
18-11_90.png 10 15 68 -68 0
18-11_180.png 10 15 68 -68 0
18-11_270.png 10 15 68 -68 0
18-11_fl.png 10 15 68 -68 0
18-12.png 10 15 71 -71 0
18-12_90.png 10 15 71 -71 0
18-12_180.png 10 15 71 -71 0
18-12_270.png 10 15 71 -71 0
18-12_fl.png 10 15 71 -71 0
18-13.png 10 15 73 -71 -2
18-13_90.png 10 15 73 -71 -2
18-13_180.png 10 15 73 -71 -2
18-13_270.png 10 15 73 -71 -2
18-13_fl.png 10 15 73 -71 -2
18-15.png 10 15 68 -67 -1
18-15_90.png 10 15 68 -67 -1
18-15_180.png 10 15 68 -67 -1
18-15_270.png 10 15 68 -67 -1
18-15_fl.png 10 15 68 -67 -1
20-1.png 20 15 207 -114 -93
20-1_90.png 20 15 207 -114 -93
20-1_180.png 20 15 207 -114 -93
20-1_270.png 20 15 207 -114 -93
20-1_fl.png 20 15 207 -114 -93
20-4.png 20 15 205 -113 -92
20-4_90.png 20 15 205 -113 -92
20-4_180.png 20 15 205 -113 -92
20-4_270.png 20 15 205 -113 -92
20-4_fl.png 20 15 205 -113 -92
20-5.png 20 15 204 -111 -93
20-5_90.png 20 15 204 -111 -93
20-5_180.png 20 15 204 -111 -93
20-5_270.png 20 15 204 -111 -93
20-5_fl.png 20 15 204 -111 -93
20-6.png 20 15 203 -110 -93
20-6_90.png 20 15 203 -110 -93
20-6_180.png 20 15 203 -110 -93
20-6_270.png 20 15 203 -110 -93
20-6_fl.png 20 15 203 -110 -93
20-8.png 20 15 206 -114 -92
20-8_90.png 20 15 206 -114 -92
20-8_180.png 20 15 206 -114 -92
20-8_270.png 20 15 206 -114 -92
20-8_fl.png 20 15 206 -114 -92
20-9.png 20 15 206 -112 -94
20-9_90.png 20 15 206 -112 -94
20-9_180.png 20 15 206 -112 -94
20-9_270.png 20 15 206 -112 -94
20-9_fl.png 20 15 206 -112 -94
20-10.png 20 15 206 -114 -92
20-10_90.png 20 15 206 -114 -92
20-10_180.png 20 15 206 -114 -92
20-10_270.png 20 15 206 -114 -92
20-10_fl.png 20 15 206 -114 -92
20-11.png 20 15 204 -111 -93
20-11_90.png 20 15 204 -111 -93
20-11_180.png 20 15 204 -111 -93
20-11_270.png 20 15 204 -111 -93
20-11_fl.png 20 15 204 -111 -93
20-12.png 20 15 205 -115 -90
20-12_90.png 20 15 205 -115 -90
20-12_180.png 20 15 205 -115 -90
20-12_270.png 20 15 205 -115 -90
20-12_fl.png 20 15 205 -115 -90
20-15.png 20 15 208 -115 -93
20-15_90.png 20 15 208 -115 -93
20-15_180.png 20 15 208 -115 -93
20-15_270.png 20 15 208 -115 -93
20-15_fl.png 20 15 208 -115 -93
21-1.png 0 20 -9 -86 95
21-1_90.png 0 20 -9 -86 95
21-1_180.png 0 20 -9 -86 95
21-1_270.png 0 20 -9 -86 95
21-1_fl.png 0 20 -9 -86 95
21-2.png 0 20 -7 -78 85
21-2_90.png 0 20 -7 -78 85
21-2_180.png 0 20 -7 -78 85
21-2_270.png 0 20 -7 -78 85
21-2_fl.png 0 20 -7 -78 85
21-4.png 0 20 -9 -81 90
21-4_90.png 0 20 -9 -81 90
21-4_180.png 0 20 -9 -81 90
21-4_270.png 0 20 -9 -81 90
21-4_fl.png 0 20 -9 -81 90
21-5.png 0 20 -8 -82 90
21-5_90.png 0 20 -8 -82 90
21-5_180.png 0 20 -8 -82 90
21-5_270.png 0 20 -8 -82 90
21-5_fl.png 0 20 -8 -82 90
21-6.png 0 20 -4 -84 88
21-6_90.png 0 20 -4 -84 88
21-6_180.png 0 20 -4 -84 88
21-6_270.png 0 20 -4 -84 88
21-6_fl.png 0 20 -4 -84 88
21-7.png 0 20 -8 -79 87
21-7_90.png 0 20 -8 -79 87
21-7_180.png 0 20 -8 -79 87
21-7_270.png 0 20 -8 -79 87
21-7_fl.png 0 20 -8 -79 87
21-8.png 0 20 -7 -82 89
21-8_90.png 0 20 -7 -82 89
21-8_180.png 0 20 -7 -82 89
21-8_270.png 0 20 -7 -82 89
21-8_fl.png 0 20 -7 -82 89
21-10.png 0 20 -8 -82 90
21-10_90.png 0 20 -8 -82 90
21-10_180.png 0 20 -8 -82 90
21-10_270.png 0 20 -8 -82 90
21-10_fl.png 0 20 -8 -82 90
21-11.png 0 20 -8 -82 90
21-11_90.png 0 20 -8 -82 90
21-11_180.png 0 20 -8 -82 90
21-11_270.png 0 20 -8 -82 90
21-11_fl.png 0 20 -8 -82 90
21-14.png 0 20 -2 -84 86
21-14_90.png 0 20 -2 -84 86
21-14_180.png 0 20 -2 -84 86
21-14_270.png 0 20 -2 -84 86
21-14_fl.png 0 20 -2 -84 86
22-1.png 5 20 55 -100 45
22-1_90.png 5 20 55 -100 45
22-1_180.png 5 20 55 -100 45
22-1_270.png 5 20 55 -100 45
22-1_fl.png 5 20 55 -100 45
22-2.png 5 20 52 -103 51
22-2_90.png 5 20 52 -103 51
22-2_180.png 5 20 52 -103 51
22-2_270.png 5 20 52 -103 51
22-2_fl.png 5 20 52 -103 51
22-3.png 5 20 52 -97 45
22-3_90.png 5 20 52 -97 45
22-3_180.png 5 20 52 -97 45
22-3_270.png 5 20 52 -97 45
22-3_fl.png 5 20 52 -97 45
22-4.png 5 20 54 -99 45
22-4_90.png 5 20 54 -99 45
22-4_180.png 5 20 54 -99 45
22-4_270.png 5 20 54 -99 45
22-4_fl.png 5 20 54 -99 45
22-5.png 5 20 56 -105 49
22-5_90.png 5 20 56 -105 49
22-5_180.png 5 20 56 -105 49
22-5_270.png 5 20 56 -105 49
22-5_fl.png 5 20 56 -105 49
22-7.png 5 20 56 -105 49
22-7_90.png 5 20 56 -105 49
22-7_180.png 5 20 56 -105 49
22-7_270.png 5 20 56 -105 49
22-7_fl.png 5 20 56 -105 49
22-9.png 5 20 58 -106 48
22-9_90.png 5 20 58 -106 48
22-9_180.png 5 20 58 -106 48
22-9_270.png 5 20 58 -106 48
22-9_fl.png 5 20 58 -106 48
22-10.png 5 20 59 -102 43
22-10_90.png 5 20 59 -102 43
22-10_180.png 5 20 59 -102 43
22-10_270.png 5 20 59 -102 43
22-10_fl.png 5 20 59 -102 43
22-11.png 5 20 58 -101 43
22-11_90.png 5 20 58 -101 43
22-11_180.png 5 20 58 -101 43
22-11_270.png 5 20 58 -101 43
22-11_fl.png 5 20 58 -101 43
22-15.png 5 20 59 -106 47
22-15_90.png 5 20 59 -106 47
22-15_180.png 5 20 59 -106 47
22-15_270.png 5 20 59 -106 47
22-15_fl.png 5 20 59 -106 47
24-1.png 15 20 204 -162 -42
24-1_90.png 15 20 204 -162 -42
24-1_180.png 15 20 204 -162 -42
24-1_270.png 15 20 204 -162 -42
24-1_fl.png 15 20 204 -162 -42
24-2.png 15 20 203 -157 -46
24-2_90.png 15 20 203 -157 -46
24-2_180.png 15 20 203 -157 -46
24-2_270.png 15 20 203 -157 -46
24-2_fl.png 15 20 203 -157 -46
24-3.png 15 20 201 -159 -42
24-3_90.png 15 20 201 -159 -42
24-3_180.png 15 20 201 -159 -42
24-3_270.png 15 20 201 -159 -42
24-3_fl.png 15 20 201 -159 -42
24-4.png 15 20 203 -162 -41
24-4_90.png 15 20 203 -162 -41
24-4_180.png 15 20 203 -162 -41
24-4_270.png 15 20 203 -162 -41
24-4_fl.png 15 20 203 -162 -41
24-5.png 15 20 198 -163 -35
24-5_90.png 15 20 198 -163 -35
24-5_180.png 15 20 198 -163 -35
24-5_270.png 15 20 198 -163 -35
24-5_fl.png 15 20 198 -163 -35
24-7.png 15 20 238 -168 -70
24-7_90.png 15 20 238 -168 -70
24-7_180.png 15 20 238 -168 -70
24-7_270.png 15 20 238 -168 -70
24-7_fl.png 15 20 238 -168 -70
24-8.png 15 20 200 -160 -40
24-8_90.png 15 20 200 -160 -40
24-8_180.png 15 20 200 -160 -40
24-8_270.png 15 20 200 -160 -40
24-8_fl.png 15 20 200 -160 -40
24-11.png 15 20 203 -162 -41
24-11_90.png 15 20 203 -162 -41
24-11_180.png 15 20 203 -162 -41
24-11_270.png 15 20 203 -162 -41
24-11_fl.png 15 20 203 -162 -41
24-13.png 15 20 199 -158 -41
24-13_90.png 15 20 199 -158 -41
24-13_180.png 15 20 199 -158 -41
24-13_270.png 15 20 199 -158 -41
24-13_fl.png 15 20 199 -158 -41
24-15.png 15 20 202 -161 -41
24-15_90.png 15 20 202 -161 -41
24-15_180.png 15 20 202 -161 -41
24-15_270.png 15 20 202 -161 -41
24-15_fl.png 15 20 202 -161 -41
25-1.png 20 20 276 -196 -80
25-1_90.png 20 20 276 -196 -80
25-1_180.png 20 20 276 -196 -80
25-1_270.png 20 20 276 -196 -80
25-1_fl.png 20 20 276 -196 -80
25-3.png 20 20 276 -195 -81
25-3_90.png 20 20 276 -195 -81
25-3_180.png 20 20 276 -195 -81
25-3_270.png 20 20 276 -195 -81
25-3_fl.png 20 20 276 -195 -81
25-5.png 20 20 281 -198 -83
25-5_90.png 20 20 281 -198 -83
25-5_180.png 20 20 281 -198 -83
25-5_270.png 20 20 281 -198 -83
25-5_fl.png 20 20 281 -198 -83
25-6.png 20 20 281 -199 -82
25-6_90.png 20 20 281 -199 -82
25-6_180.png 20 20 281 -199 -82
25-6_270.png 20 20 281 -199 -82
25-6_fl.png 20 20 281 -199 -82
25-8.png 20 20 281 -200 -81
25-8_90.png 20 20 281 -200 -81
25-8_180.png 20 20 281 -200 -81
25-8_270.png 20 20 281 -200 -81
25-8_fl.png 20 20 281 -200 -81
25-9.png 20 20 280 -199 -81
25-9_90.png 20 20 280 -199 -81
25-9_180.png 20 20 280 -199 -81
25-9_270.png 20 20 280 -199 -81
25-9_fl.png 20 20 280 -199 -81
25-10.png 20 20 276 -195 -81
25-10_90.png 20 20 276 -195 -81
25-10_180.png 20 20 276 -195 -81
25-10_270.png 20 20 276 -195 -81
25-10_fl.png 20 20 276 -195 -81
25-11.png 20 20 282 -196 -86
25-11_90.png 20 20 282 -196 -86
25-11_180.png 20 20 282 -196 -86
25-11_270.png 20 20 282 -196 -86
25-11_fl.png 20 20 282 -196 -86
25-12.png 20 20 282 -196 -86
25-12_90.png 20 20 282 -196 -86
25-12_180.png 20 20 282 -196 -86
25-12_270.png 20 20 282 -196 -86
25-12_fl.png 20 20 282 -196 -86
25-14.png 20 20 281 -200 -81
25-14_90.png 20 20 281 -200 -81
25-14_180.png 20 20 281 -200 -81
25-14_270.png 20 20 281 -200 -81
25-14_fl.png 20 20 281 -200 -81
