1-1.png 0 0 -288 83 205
1-1_90.png 0 0 -288 83 205
1-1_180.png 0 0 -288 83 205
1-1_270.png 0 0 -288 83 205
1-1_fl.png 0 0 -288 83 205
1-8.png 0 0 -296 89 207
1-8_90.png 0 0 -296 89 207
1-8_180.png 0 0 -296 89 207
1-8_270.png 0 0 -296 89 207
1-8_fl.png 0 0 -296 89 207
1-11.png 0 0 -297 90 207
1-11_90.png 0 0 -297 90 207
1-11_180.png 0 0 -297 90 207
1-11_270.png 0 0 -297 90 207
1-11_fl.png 0 0 -297 90 207
1-12.png 0 0 -289 83 206
1-12_90.png 0 0 -289 83 206
1-12_180.png 0 0 -289 83 206
1-12_270.png 0 0 -289 83 206
1-12_fl.png 0 0 -289 83 206
1-15.png 0 0 -301 89 212
1-15_90.png 0 0 -301 89 212
1-15_180.png 0 0 -301 89 212
1-15_270.png 0 0 -301 89 212
1-15_fl.png 0 0 -301 89 212
3-3.png 10 0 -126 126 0
3-3_90.png 10 0 -126 126 0
3-3_180.png 10 0 -126 126 0
3-3_270.png 10 0 -126 126 0
3-3_fl.png 10 0 -126 126 0
3-4.png 10 0 -130 126 4
3-4_90.png 10 0 -130 126 4
3-4_180.png 10 0 -130 126 4
3-4_270.png 10 0 -130 126 4
3-4_fl.png 10 0 -130 126 4
3-5.png 10 0 -128 127 1
3-5_90.png 10 0 -128 127 1
3-5_180.png 10 0 -128 127 1
3-5_270.png 10 0 -128 127 1
3-5_fl.png 10 0 -128 127 1
3-10.png 10 0 -129 132 -3
3-10_90.png 10 0 -129 132 -3
3-10_180.png 10 0 -129 132 -3
3-10_270.png 10 0 -129 132 -3
3-10_fl.png 10 0 -129 132 -3
3-15.png 10 0 -132 125 7
3-15_90.png 10 0 -132 125 7
3-15_180.png 10 0 -132 125 7
3-15_270.png 10 0 -132 125 7
3-15_fl.png 10 0 -132 125 7
4-2.png 15 0 -64 157 -93
4-2_90.png 15 0 -64 157 -93
4-2_180.png 15 0 -64 157 -93
4-2_270.png 15 0 -64 157 -93
4-2_fl.png 15 0 -64 157 -93
4-6.png 15 0 -65 157 -92
4-6_90.png 15 0 -65 157 -92
4-6_180.png 15 0 -65 157 -92
4-6_270.png 15 0 -65 157 -92
4-6_fl.png 15 0 -65 157 -92
4-7.png 15 0 -64 157 -93
4-7_90.png 15 0 -64 157 -93
4-7_180.png 15 0 -64 157 -93
4-7_270.png 15 0 -64 157 -93
4-7_fl.png 15 0 -64 157 -93
4-9.png 15 0 -60 157 -97
4-9_90.png 15 0 -60 157 -97
4-9_180.png 15 0 -60 157 -97
4-9_270.png 15 0 -60 157 -97
4-9_fl.png 15 0 -60 157 -97
4-14.png 15 0 -63 157 -94
4-14_90.png 15 0 -63 157 -94
4-14_180.png 15 0 -63 157 -94
4-14_270.png 15 0 -63 157 -94
4-14_fl.png 15 0 -63 157 -94
5-1.png 20 0 1 187 -188
5-1_90.png 20 0 1 187 -188
5-1_180.png 20 0 1 187 -188
5-1_270.png 20 0 1 187 -188
5-1_fl.png 20 0 1 187 -188
5-4.png 20 0 2 192 -194
5-4_90.png 20 0 2 192 -194
5-4_180.png 20 0 2 192 -194
5-4_270.png 20 0 2 192 -194
5-4_fl.png 20 0 2 192 -194
5-5.png 20 0 3 187 -190
5-5_90.png 20 0 3 187 -190
5-5_180.png 20 0 3 187 -190
5-5_270.png 20 0 3 187 -190
5-5_fl.png 20 0 3 187 -190
5-13.png 20 0 1 192 -193
5-13_90.png 20 0 1 192 -193
5-13_180.png 20 0 1 192 -193
5-13_270.png 20 0 1 192 -193
5-13_fl.png 20 0 1 192 -193
5-15.png 20 0 1 187 -188
5-15_90.png 20 0 1 187 -188
5-15_180.png 20 0 1 187 -188
5-15_270.png 20 0 1 187 -188
5-15_fl.png 20 0 1 187 -188
6-4.png 0 5 -208 50 158
6-4_90.png 0 5 -208 50 158
6-4_180.png 0 5 -208 50 158
6-4_270.png 0 5 -208 50 158
6-4_fl.png 0 5 -208 50 158
6-6.png 0 5 -209 51 158
6-6_90.png 0 5 -209 51 158
6-6_180.png 0 5 -209 51 158
6-6_270.png 0 5 -209 51 158
6-6_fl.png 0 5 -209 51 158
6-11.png 0 5 -209 50 159
6-11_90.png 0 5 -209 50 159
6-11_180.png 0 5 -209 50 159
6-11_270.png 0 5 -209 50 159
6-11_fl.png 0 5 -209 50 159
6-13.png 0 5 -205 51 154
6-13_90.png 0 5 -205 51 154
6-13_180.png 0 5 -205 51 154
6-13_270.png 0 5 -205 51 154
6-13_fl.png 0 5 -205 51 154
6-14.png 0 5 -207 50 157
6-14_90.png 0 5 -207 50 157
6-14_180.png 0 5 -207 50 157
6-14_270.png 0 5 -207 50 157
6-14_fl.png 0 5 -207 50 157
7-4.png 5 5 -146 59 87
7-4_90.png 5 5 -146 59 87
7-4_180.png 5 5 -146 59 87
7-4_270.png 5 5 -146 59 87
7-4_fl.png 5 5 -146 59 87
7-8.png 5 5 -148 56 92
7-8_90.png 5 5 -148 56 92
7-8_180.png 5 5 -148 56 92
7-8_270.png 5 5 -148 56 92
7-8_fl.png 5 5 -148 56 92
7-12.png 5 5 -145 59 86
7-12_90.png 5 5 -145 59 86
7-12_180.png 5 5 -145 59 86
7-12_270.png 5 5 -145 59 86
7-12_fl.png 5 5 -145 59 86
7-13.png 5 5 -145 59 86
7-13_90.png 5 5 -145 59 86
7-13_180.png 5 5 -145 59 86
7-13_270.png 5 5 -145 59 86
7-13_fl.png 5 5 -145 59 86
7-15.png 5 5 -144 58 86
7-15_90.png 5 5 -144 58 86
7-15_180.png 5 5 -144 58 86
7-15_270.png 5 5 -144 58 86
7-15_fl.png 5 5 -144 58 86
9-1.png 15 5 -5 86 -81
9-1_90.png 15 5 -5 86 -81
9-1_180.png 15 5 -5 86 -81
9-1_270.png 15 5 -5 86 -81
9-1_fl.png 15 5 -5 86 -81
9-4.png 15 5 -4 84 -80
9-4_90.png 15 5 -4 84 -80
9-4_180.png 15 5 -4 84 -80
9-4_270.png 15 5 -4 84 -80
9-4_fl.png 15 5 -4 84 -80
9-10.png 15 5 -2 82 -80
9-10_90.png 15 5 -2 82 -80
9-10_180.png 15 5 -2 82 -80
9-10_270.png 15 5 -2 82 -80
9-10_fl.png 15 5 -2 82 -80
9-12.png 15 5 -1 83 -82
9-12_90.png 15 5 -1 83 -82
9-12_180.png 15 5 -1 83 -82
9-12_270.png 15 5 -1 83 -82
9-12_fl.png 15 5 -1 83 -82
9-13.png 15 5 -2 85 -83
9-13_90.png 15 5 -2 85 -83
9-13_180.png 15 5 -2 85 -83
9-13_270.png 15 5 -2 85 -83
9-13_fl.png 15 5 -2 85 -83
10-1.png 20 5 57 89 -146
10-1_90.png 20 5 57 89 -146
10-1_180.png 20 5 57 89 -146
10-1_270.png 20 5 57 89 -146
10-1_fl.png 20 5 57 89 -146
10-3.png 20 5 58 91 -149
10-3_90.png 20 5 58 91 -149
10-3_180.png 20 5 58 91 -149
10-3_270.png 20 5 58 91 -149
10-3_fl.png 20 5 58 91 -149
10-4.png 20 5 59 87 -146
10-4_90.png 20 5 59 87 -146
10-4_180.png 20 5 59 87 -146
10-4_270.png 20 5 59 87 -146
10-4_fl.png 20 5 59 87 -146
10-6.png 20 5 59 87 -146
10-6_90.png 20 5 59 87 -146
10-6_180.png 20 5 59 87 -146
10-6_270.png 20 5 59 87 -146
10-6_fl.png 20 5 59 87 -146
10-13.png 20 5 58 90 -148
10-13_90.png 20 5 58 90 -148
10-13_180.png 20 5 58 90 -148
10-13_270.png 20 5 58 90 -148
10-13_fl.png 20 5 58 90 -148
11-2.png 0 10 -129 3 126
11-2_90.png 0 10 -129 3 126
11-2_180.png 0 10 -129 3 126
11-2_270.png 0 10 -129 3 126
11-2_fl.png 0 10 -129 3 126
11-3.png 0 10 -133 3 130
11-3_90.png 0 10 -133 3 130
11-3_180.png 0 10 -133 3 130
11-3_270.png 0 10 -133 3 130
11-3_fl.png 0 10 -133 3 130
11-4.png 0 10 -128 0 128
11-4_90.png 0 10 -128 0 128
11-4_180.png 0 10 -128 0 128
11-4_270.png 0 10 -128 0 128
11-4_fl.png 0 10 -128 0 128
11-8.png 0 10 -129 0 129
11-8_90.png 0 10 -129 0 129
11-8_180.png 0 10 -129 0 129
11-8_270.png 0 10 -129 0 129
11-8_fl.png 0 10 -129 0 129
11-9.png 0 10 -125 -2 127
11-9_90.png 0 10 -125 -2 127
11-9_180.png 0 10 -125 -2 127
11-9_270.png 0 10 -125 -2 127
11-9_fl.png 0 10 -125 -2 127
13-2.png 10 10 4 -6 2
13-2_90.png 10 10 4 -6 2
13-2_180.png 10 10 4 -6 2
13-2_270.png 10 10 4 -6 2
13-2_fl.png 10 10 4 -6 2
13-3.png 10 10 -1 0 1
13-3_90.png 10 10 -1 0 1
13-3_180.png 10 10 -1 0 1
13-3_270.png 10 10 -1 0 1
13-3_fl.png 10 10 -1 0 1
13-4.png 10 10 -2 0 2
13-4_90.png 10 10 -2 0 2
13-4_180.png 10 10 -2 0 2
13-4_270.png 10 10 -2 0 2
13-4_fl.png 10 10 -2 0 2
13-11.png 10 10 -5 3 2
13-11_90.png 10 10 -5 3 2
13-11_180.png 10 10 -5 3 2
13-11_270.png 10 10 -5 3 2
13-11_fl.png 10 10 -5 3 2
13-14.png 10 10 0 1 -1
13-14_90.png 10 10 0 1 -1
13-14_180.png 10 10 0 1 -1
13-14_270.png 10 10 0 1 -1
13-14_fl.png 10 10 0 1 -1
15-2.png 20 10 127 -11 -116
15-2_90.png 20 10 127 -11 -116
15-2_180.png 20 10 127 -11 -116
15-2_270.png 20 10 127 -11 -116
15-2_fl.png 20 10 127 -11 -116
15-8.png 20 10 127 -10 -117
15-8_90.png 20 10 127 -10 -117
15-8_180.png 20 10 127 -10 -117
15-8_270.png 20 10 127 -10 -117
15-8_fl.png 20 10 127 -10 -117
15-10.png 20 10 127 -9 -118
15-10_90.png 20 10 127 -9 -118
15-10_180.png 20 10 127 -9 -118
15-10_270.png 20 10 127 -9 -118
15-10_fl.png 20 10 127 -9 -118
15-11.png 20 10 124 -6 -118
15-11_90.png 20 10 124 -6 -118
15-11_180.png 20 10 124 -6 -118
15-11_270.png 20 10 124 -6 -118
15-11_fl.png 20 10 124 -6 -118
15-13.png 20 10 127 -11 -116
15-13_90.png 20 10 127 -11 -116
15-13_180.png 20 10 127 -11 -116
15-13_270.png 20 10 127 -11 -116
15-13_fl.png 20 10 127 -11 -116
17-1.png 5 15 -3 -48 51
17-1_90.png 5 15 -3 -48 51
17-1_180.png 5 15 -3 -48 51
17-1_270.png 5 15 -3 -48 51
17-1_fl.png 5 15 -3 -48 51
17-6.png 5 15 -1 -49 50
17-6_90.png 5 15 -1 -49 50
17-6_180.png 5 15 -1 -49 50
17-6_270.png 5 15 -1 -49 50
17-6_fl.png 5 15 -1 -49 50
17-7.png 5 15 3 -50 47
17-7_90.png 5 15 3 -50 47
17-7_180.png 5 15 3 -50 47
17-7_270.png 5 15 3 -50 47
17-7_fl.png 5 15 3 -50 47
17-11.png 5 15 -2 -48 50
17-11_90.png 5 15 -2 -48 50
17-11_180.png 5 15 -2 -48 50
17-11_270.png 5 15 -2 -48 50
17-11_fl.png 5 15 -2 -48 50
17-14.png 5 15 1 -54 53
17-14_90.png 5 15 1 -54 53
17-14_180.png 5 15 1 -54 53
17-14_270.png 5 15 1 -54 53
17-14_fl.png 5 15 1 -54 53
18-2.png 10 15 73 -69 -4
18-2_90.png 10 15 73 -69 -4
18-2_180.png 10 15 73 -69 -4
18-2_270.png 10 15 73 -69 -4
18-2_fl.png 10 15 73 -69 -4
18-6.png 10 15 69 -69 0
18-6_90.png 10 15 69 -69 0
18-6_180.png 10 15 69 -69 0
18-6_270.png 10 15 69 -69 0
18-6_fl.png 10 15 69 -69 0
18-9.png 10 15 67 -69 2
18-9_90.png 10 15 67 -69 2
18-9_180.png 10 15 67 -69 2
18-9_270.png 10 15 67 -69 2
18-9_fl.png 10 15 67 -69 2
18-11.png 10 15 68 -68 0
18-11_90.png 10 15 68 -68 0
18-11_180.png 10 15 68 -68 0
18-11_270.png 10 15 68 -68 0
18-11_fl.png 10 15 68 -68 0
18-15.png 10 15 68 -67 -1
18-15_90.png 10 15 68 -67 -1
18-15_180.png 10 15 68 -67 -1
18-15_270.png 10 15 68 -67 -1
18-15_fl.png 10 15 68 -67 -1
19-6.png 15 15 141 -88 -53
19-6_90.png 15 15 141 -88 -53
19-6_180.png 15 15 141 -88 -53
19-6_270.png 15 15 141 -88 -53
19-6_fl.png 15 15 141 -88 -53
19-8.png 15 15 138 -91 -47
19-8_90.png 15 15 138 -91 -47
19-8_180.png 15 15 138 -91 -47
19-8_270.png 15 15 138 -91 -47
19-8_fl.png 15 15 138 -91 -47
19-10.png 15 15 145 -94 -51
19-10_90.png 15 15 145 -94 -51
19-10_180.png 15 15 145 -94 -51
19-10_270.png 15 15 145 -94 -51
19-10_fl.png 15 15 145 -94 -51
19-12.png 15 15 138 -86 -52
19-12_90.png 15 15 138 -86 -52
19-12_180.png 15 15 138 -86 -52
19-12_270.png 15 15 138 -86 -52
19-12_fl.png 15 15 138 -86 -52
19-15.png 15 15 141 -92 -49
19-15_90.png 15 15 141 -92 -49
19-15_180.png 15 15 141 -92 -49
19-15_270.png 15 15 141 -92 -49
19-15_fl.png 15 15 141 -92 -49
20-3.png 20 15 204 -112 -92
20-3_90.png 20 15 204 -112 -92
20-3_180.png 20 15 204 -112 -92
20-3_270.png 20 15 204 -112 -92
20-3_fl.png 20 15 204 -112 -92
20-7.png 20 15 201 -110 -91
20-7_90.png 20 15 201 -110 -91
20-7_180.png 20 15 201 -110 -91
20-7_270.png 20 15 201 -110 -91
20-7_fl.png 20 15 201 -110 -91
20-8.png 20 15 206 -114 -92
20-8_90.png 20 15 206 -114 -92
20-8_180.png 20 15 206 -114 -92
20-8_270.png 20 15 206 -114 -92
20-8_fl.png 20 15 206 -114 -92
20-13.png 20 15 206 -114 -92
20-13_90.png 20 15 206 -114 -92
20-13_180.png 20 15 206 -114 -92
20-13_270.png 20 15 206 -114 -92
20-13_fl.png 20 15 206 -114 -92
20-15.png 20 15 208 -115 -93
20-15_90.png 20 15 208 -115 -93
20-15_180.png 20 15 208 -115 -93
20-15_270.png 20 15 208 -115 -93
20-15_fl.png 20 15 208 -115 -93
21-1.png 0 20 -9 -86 95
21-1_90.png 0 20 -9 -86 95
21-1_180.png 0 20 -9 -86 95
21-1_270.png 0 20 -9 -86 95
21-1_fl.png 0 20 -9 -86 95
21-3.png 0 20 -10 -86 96
21-3_90.png 0 20 -10 -86 96
21-3_180.png 0 20 -10 -86 96
21-3_270.png 0 20 -10 -86 96
21-3_fl.png 0 20 -10 -86 96
21-9.png 0 20 -6 -83 89
21-9_90.png 0 20 -6 -83 89
21-9_180.png 0 20 -6 -83 89
21-9_270.png 0 20 -6 -83 89
21-9_fl.png 0 20 -6 -83 89
21-10.png 0 20 -8 -82 90
21-10_90.png 0 20 -8 -82 90
21-10_180.png 0 20 -8 -82 90
21-10_270.png 0 20 -8 -82 90
21-10_fl.png 0 20 -8 -82 90
21-12.png 0 20 -9 -78 87
21-12_90.png 0 20 -9 -78 87
21-12_180.png 0 20 -9 -78 87
21-12_270.png 0 20 -9 -78 87
21-12_fl.png 0 20 -9 -78 87
22-1.png 5 20 55 -100 45
22-1_90.png 5 20 55 -100 45
22-1_180.png 5 20 55 -100 45
22-1_270.png 5 20 55 -100 45
22-1_fl.png 5 20 55 -100 45
22-3.png 5 20 52 -97 45
22-3_90.png 5 20 52 -97 45
22-3_180.png 5 20 52 -97 45
22-3_270.png 5 20 52 -97 45
22-3_fl.png 5 20 52 -97 45
22-9.png 5 20 58 -106 48
22-9_90.png 5 20 58 -106 48
22-9_180.png 5 20 58 -106 48
22-9_270.png 5 20 58 -106 48
22-9_fl.png 5 20 58 -106 48
22-11.png 5 20 58 -101 43
22-11_90.png 5 20 58 -101 43
22-11_180.png 5 20 58 -101 43
22-11_270.png 5 20 58 -101 43
22-11_fl.png 5 20 58 -101 43
22-13.png 5 20 57 -106 49
22-13_90.png 5 20 57 -106 49
22-13_180.png 5 20 57 -106 49
22-13_270.png 5 20 57 -106 49
22-13_fl.png 5 20 57 -106 49
24-1.png 15 20 204 -162 -42
24-1_90.png 15 20 204 -162 -42
24-1_180.png 15 20 204 -162 -42
24-1_270.png 15 20 204 -162 -42
24-1_fl.png 15 20 204 -162 -42
24-6.png 15 20 203 -162 -41
24-6_90.png 15 20 203 -162 -41
24-6_180.png 15 20 203 -162 -41
24-6_270.png 15 20 203 -162 -41
24-6_fl.png 15 20 203 -162 -41
24-11.png 15 20 203 -162 -41
24-11_90.png 15 20 203 -162 -41
24-11_180.png 15 20 203 -162 -41
24-11_270.png 15 20 203 -162 -41
24-11_fl.png 15 20 203 -162 -41
24-12.png 15 20 202 -156 -46
24-12_90.png 15 20 202 -156 -46
24-12_180.png 15 20 202 -156 -46
24-12_270.png 15 20 202 -156 -46
24-12_fl.png 15 20 202 -156 -46
24-13.png 15 20 199 -158 -41
24-13_90.png 15 20 199 -158 -41
24-13_180.png 15 20 199 -158 -41
24-13_270.png 15 20 199 -158 -41
24-13_fl.png 15 20 199 -158 -41
25-7.png 20 20 279 -198 -81
25-7_90.png 20 20 279 -198 -81
25-7_180.png 20 20 279 -198 -81
25-7_270.png 20 20 279 -198 -81
25-7_fl.png 20 20 279 -198 -81
25-9.png 20 20 280 -199 -81
25-9_90.png 20 20 280 -199 -81
25-9_180.png 20 20 280 -199 -81
25-9_270.png 20 20 280 -199 -81
25-9_fl.png 20 20 280 -199 -81
25-10.png 20 20 276 -195 -81
25-10_90.png 20 20 276 -195 -81
25-10_180.png 20 20 276 -195 -81
25-10_270.png 20 20 276 -195 -81
25-10_fl.png 20 20 276 -195 -81
25-12.png 20 20 282 -196 -86
25-12_90.png 20 20 282 -196 -86
25-12_180.png 20 20 282 -196 -86
25-12_270.png 20 20 282 -196 -86
25-12_fl.png 20 20 282 -196 -86
25-14.png 20 20 281 -200 -81
25-14_90.png 20 20 281 -200 -81
25-14_180.png 20 20 281 -200 -81
25-14_270.png 20 20 281 -200 -81
25-14_fl.png 20 20 281 -200 -81
