1-1.png 0 0 -348 137 211
1-1_90.png 0 0 -348 137 211
1-1_180.png 0 0 -348 137 211
1-1_270.png 0 0 -348 137 211
1-1_fl.png 0 0 -348 137 211
1-2.png 0 0 -334 66 268
1-2_90.png 0 0 -334 66 268
1-2_180.png 0 0 -334 66 268
1-2_270.png 0 0 -334 66 268
1-2_fl.png 0 0 -334 66 268
1-4.png 0 0 -327 146 181
1-4_90.png 0 0 -327 146 181
1-4_180.png 0 0 -327 146 181
1-4_270.png 0 0 -327 146 181
1-4_fl.png 0 0 -327 146 181
1-5.png 0 0 -377 156 221
1-5_90.png 0 0 -377 156 221
1-5_180.png 0 0 -377 156 221
1-5_270.png 0 0 -377 156 221
1-5_fl.png 0 0 -377 156 221
1-6.png 0 0 -346 143 203
1-6_90.png 0 0 -346 143 203
1-6_180.png 0 0 -346 143 203
1-6_270.png 0 0 -346 143 203
1-6_fl.png 0 0 -346 143 203
1-8.png 0 0 -331 0 331
1-8_90.png 0 0 -331 0 331
1-8_180.png 0 0 -331 0 331
1-8_270.png 0 0 -331 0 331
1-8_fl.png 0 0 -331 0 331
1-9.png 0 0 -145 -59 204
1-9_90.png 0 0 -145 -59 204
1-9_180.png 0 0 -145 -59 204
1-9_270.png 0 0 -145 -59 204
1-9_fl.png 0 0 -145 -59 204
1-10.png 0 0 -319 285 34
1-10_90.png 0 0 -319 285 34
1-10_180.png 0 0 -319 285 34
1-10_270.png 0 0 -319 285 34
1-10_fl.png 0 0 -319 285 34
1-14.png 0 0 -299 87 212
1-14_90.png 0 0 -299 87 212
1-14_180.png 0 0 -299 87 212
1-14_270.png 0 0 -299 87 212
1-14_fl.png 0 0 -299 87 212
1-15.png 0 0 -343 66 277
1-15_90.png 0 0 -343 66 277
1-15_180.png 0 0 -343 66 277
1-15_270.png 0 0 -343 66 277
1-15_fl.png 0 0 -343 66 277
2-3.png 5 0 -235 120 115
2-3_90.png 5 0 -235 120 115
2-3_180.png 5 0 -235 120 115
2-3_270.png 5 0 -235 120 115
2-3_fl.png 5 0 -235 120 115
2-6.png 5 0 -298 166 132
2-6_90.png 5 0 -298 166 132
2-6_180.png 5 0 -298 166 132
2-6_270.png 5 0 -298 166 132
2-6_fl.png 5 0 -298 166 132
2-7.png 5 0 -253 129 124
2-7_90.png 5 0 -253 129 124
2-7_180.png 5 0 -253 129 124
2-7_270.png 5 0 -253 129 124
2-7_fl.png 5 0 -253 129 124
2-8.png 5 0 -261 152 109
2-8_90.png 5 0 -261 152 109
2-8_180.png 5 0 -261 152 109
2-8_270.png 5 0 -261 152 109
2-8_fl.png 5 0 -261 152 109
2-9.png 5 0 -244 138 106
2-9_90.png 5 0 -244 138 106
2-9_180.png 5 0 -244 138 106
2-9_270.png 5 0 -244 138 106
2-9_fl.png 5 0 -244 138 106
2-10.png 5 0 -394 285 109
2-10_90.png 5 0 -394 285 109
2-10_180.png 5 0 -394 285 109
2-10_270.png 5 0 -394 285 109
2-10_fl.png 5 0 -394 285 109
2-12.png 5 0 -236 129 107
2-12_90.png 5 0 -236 129 107
2-12_180.png 5 0 -236 129 107
2-12_270.png 5 0 -236 129 107
2-12_fl.png 5 0 -236 129 107
2-13.png 5 0 -363 245 118
2-13_90.png 5 0 -363 245 118
2-13_180.png 5 0 -363 245 118
2-13_270.png 5 0 -363 245 118
2-13_fl.png 5 0 -363 245 118
2-14.png 5 0 -247 138 109
2-14_90.png 5 0 -247 138 109
2-14_180.png 5 0 -247 138 109
2-14_270.png 5 0 -247 138 109
2-14_fl.png 5 0 -247 138 109
2-15.png 5 0 -253 106 147
2-15_90.png 5 0 -253 106 147
2-15_180.png 5 0 -253 106 147
2-15_270.png 5 0 -253 106 147
2-15_fl.png 5 0 -253 106 147
4-1.png 15 0 -36 174 -138
4-1_90.png 15 0 -36 174 -138
4-1_180.png 15 0 -36 174 -138
4-1_270.png 15 0 -36 174 -138
4-1_fl.png 15 0 -36 174 -138
4-2.png 15 0 -46 168 -122
4-2_90.png 15 0 -46 168 -122
4-2_180.png 15 0 -46 168 -122
4-2_270.png 15 0 -46 168 -122
4-2_fl.png 15 0 -46 168 -122
4-5.png 15 0 -65 174 -109
4-5_90.png 15 0 -65 174 -109
4-5_180.png 15 0 -65 174 -109
4-5_270.png 15 0 -65 174 -109
4-5_fl.png 15 0 -65 174 -109
4-6.png 15 0 -72 199 -127
4-6_90.png 15 0 -72 199 -127
4-6_180.png 15 0 -72 199 -127
4-6_270.png 15 0 -72 199 -127
4-6_fl.png 15 0 -72 199 -127
4-7.png 15 0 -64 172 -108
4-7_90.png 15 0 -64 172 -108
4-7_180.png 15 0 -64 172 -108
4-7_270.png 15 0 -64 172 -108
4-7_fl.png 15 0 -64 172 -108
4-9.png 15 0 -44 170 -126
4-9_90.png 15 0 -44 170 -126
4-9_180.png 15 0 -44 170 -126
4-9_270.png 15 0 -44 170 -126
4-9_fl.png 15 0 -44 170 -126
4-11.png 15 0 -44 150 -106
4-11_90.png 15 0 -44 150 -106
4-11_180.png 15 0 -44 150 -106
4-11_270.png 15 0 -44 150 -106
4-11_fl.png 15 0 -44 150 -106
4-12.png 15 0 -51 170 -119
4-12_90.png 15 0 -51 170 -119
4-12_180.png 15 0 -51 170 -119
4-12_270.png 15 0 -51 170 -119
4-12_fl.png 15 0 -51 170 -119
4-13.png 15 0 -46 157 -111
4-13_90.png 15 0 -46 157 -111
4-13_180.png 15 0 -46 157 -111
4-13_270.png 15 0 -46 157 -111
4-13_fl.png 15 0 -46 157 -111
4-14.png 15 0 -50 166 -116
4-14_90.png 15 0 -50 166 -116
4-14_180.png 15 0 -50 166 -116
4-14_270.png 15 0 -50 166 -116
4-14_fl.png 15 0 -50 166 -116
5-1.png 20 0 81 190 -271
5-1_90.png 20 0 81 190 -271
5-1_180.png 20 0 81 190 -271
5-1_270.png 20 0 81 190 -271
5-1_fl.png 20 0 81 190 -271
5-2.png 20 0 73 178 -251
5-2_90.png 20 0 73 178 -251
5-2_180.png 20 0 73 178 -251
5-2_270.png 20 0 73 178 -251
5-2_fl.png 20 0 73 178 -251
5-3.png 20 0 58 202 -260
5-3_90.png 20 0 58 202 -260
5-3_180.png 20 0 58 202 -260
5-3_270.png 20 0 58 202 -260
5-3_fl.png 20 0 58 202 -260
5-6.png 20 0 36 199 -235
5-6_90.png 20 0 36 199 -235
5-6_180.png 20 0 36 199 -235
5-6_270.png 20 0 36 199 -235
5-6_fl.png 20 0 36 199 -235
5-8.png 20 0 36 202 -238
5-8_90.png 20 0 36 202 -238
5-8_180.png 20 0 36 202 -238
5-8_270.png 20 0 36 202 -238
5-8_fl.png 20 0 36 202 -238
5-9.png 20 0 2 200 -202
5-9_90.png 20 0 2 200 -202
5-9_180.png 20 0 2 200 -202
5-9_270.png 20 0 2 200 -202
5-9_fl.png 20 0 2 200 -202
5-10.png 20 0 -4 202 -198
5-10_90.png 20 0 -4 202 -198
5-10_180.png 20 0 -4 202 -198
5-10_270.png 20 0 -4 202 -198
5-10_fl.png 20 0 -4 202 -198
5-12.png 20 0 11 202 -213
5-12_90.png 20 0 11 202 -213
5-12_180.png 20 0 11 202 -213
5-12_270.png 20 0 11 202 -213
5-12_fl.png 20 0 11 202 -213
5-13.png 20 0 49 235 -284
5-13_90.png 20 0 49 235 -284
5-13_180.png 20 0 49 235 -284
5-13_270.png 20 0 49 235 -284
5-13_fl.png 20 0 49 235 -284
5-15.png 20 0 -6 212 -206
5-15_90.png 20 0 -6 212 -206
5-15_180.png 20 0 -6 212 -206
5-15_270.png 20 0 -6 212 -206
5-15_fl.png 20 0 -6 212 -206
6-1.png 0 5 -285 89 196
6-1_90.png 0 5 -285 89 196
6-1_180.png 0 5 -285 89 196
6-1_270.png 0 5 -285 89 196
6-1_fl.png 0 5 -285 89 196
6-2.png 0 5 -297 133 164
6-2_90.png 0 5 -297 133 164
6-2_180.png 0 5 -297 133 164
6-2_270.png 0 5 -297 133 164
6-2_fl.png 0 5 -297 133 164
6-3.png 0 5 -231 52 179
6-3_90.png 0 5 -231 52 179
6-3_180.png 0 5 -231 52 179
6-3_270.png 0 5 -231 52 179
6-3_fl.png 0 5 -231 52 179
6-4.png 0 5 -218 162 56
6-4_90.png 0 5 -218 162 56
6-4_180.png 0 5 -218 162 56
6-4_270.png 0 5 -218 162 56
6-4_fl.png 0 5 -218 162 56
6-5.png 0 5 -222 57 165
6-5_90.png 0 5 -222 57 165
6-5_180.png 0 5 -222 57 165
6-5_270.png 0 5 -222 57 165
6-5_fl.png 0 5 -222 57 165
6-7.png 0 5 -219 33 186
6-7_90.png 0 5 -219 33 186
6-7_180.png 0 5 -219 33 186
6-7_270.png 0 5 -219 33 186
6-7_fl.png 0 5 -219 33 186
6-9.png 0 5 -221 56 165
6-9_90.png 0 5 -221 56 165
6-9_180.png 0 5 -221 56 165
6-9_270.png 0 5 -221 56 165
6-9_fl.png 0 5 -221 56 165
6-10.png 0 5 -205 25 180
6-10_90.png 0 5 -205 25 180
6-10_180.png 0 5 -205 25 180
6-10_270.png 0 5 -205 25 180
6-10_fl.png 0 5 -205 25 180
6-12.png 0 5 -253 89 164
6-12_90.png 0 5 -253 89 164
6-12_180.png 0 5 -253 89 164
6-12_270.png 0 5 -253 89 164
6-12_fl.png 0 5 -253 89 164
6-13.png 0 5 -246 64 182
6-13_90.png 0 5 -246 64 182
6-13_180.png 0 5 -246 64 182
6-13_270.png 0 5 -246 64 182
6-13_fl.png 0 5 -246 64 182
8-2.png 10 5 -52 66 -14
8-2_90.png 10 5 -52 66 -14
8-2_180.png 10 5 -52 66 -14
8-2_270.png 10 5 -52 66 -14
8-2_fl.png 10 5 -52 66 -14
8-3.png 10 5 -64 76 -12
8-3_90.png 10 5 -64 76 -12
8-3_180.png 10 5 -64 76 -12
8-3_270.png 10 5 -64 76 -12
8-3_fl.png 10 5 -64 76 -12
8-5.png 10 5 -83 86 -3
8-5_90.png 10 5 -83 86 -3
8-5_180.png 10 5 -83 86 -3
8-5_270.png 10 5 -83 86 -3
8-5_fl.png 10 5 -83 86 -3
8-6.png 10 5 -66 67 -1
8-6_90.png 10 5 -66 67 -1
8-6_180.png 10 5 -66 67 -1
8-6_270.png 10 5 -66 67 -1
8-6_fl.png 10 5 -66 67 -1
8-7.png 10 5 -76 86 -10
8-7_90.png 10 5 -76 86 -10
8-7_180.png 10 5 -76 86 -10
8-7_270.png 10 5 -76 86 -10
8-7_fl.png 10 5 -76 86 -10
8-8.png 10 5 -63 57 6
8-8_90.png 10 5 -63 57 6
8-8_180.png 10 5 -63 57 6
8-8_270.png 10 5 -63 57 6
8-8_fl.png 10 5 -63 57 6
8-11.png 10 5 -57 77 -20
8-11_90.png 10 5 -57 77 -20
8-11_180.png 10 5 -57 77 -20
8-11_270.png 10 5 -57 77 -20
8-11_fl.png 10 5 -57 77 -20
8-13.png 10 5 -61 82 -21
8-13_90.png 10 5 -61 82 -21
8-13_180.png 10 5 -61 82 -21
8-13_270.png 10 5 -61 82 -21
8-13_fl.png 10 5 -61 82 -21
8-14.png 10 5 -65 74 -9
8-14_90.png 10 5 -65 74 -9
8-14_180.png 10 5 -65 74 -9
8-14_270.png 10 5 -65 74 -9
8-14_fl.png 10 5 -65 74 -9
8-15.png 10 5 -68 64 4
8-15_90.png 10 5 -68 64 4
8-15_180.png 10 5 -68 64 4
8-15_270.png 10 5 -68 64 4
8-15_fl.png 10 5 -68 64 4
9-2.png 15 5 19 72 -91
9-2_90.png 15 5 19 72 -91
9-2_180.png 15 5 19 72 -91
9-2_270.png 15 5 19 72 -91
9-2_fl.png 15 5 19 72 -91
9-4.png 15 5 -6 99 -93
9-4_90.png 15 5 -6 99 -93
9-4_180.png 15 5 -6 99 -93
9-4_270.png 15 5 -6 99 -93
9-4_fl.png 15 5 -6 99 -93
9-6.png 15 5 9 76 -85
9-6_90.png 15 5 9 76 -85
9-6_180.png 15 5 9 76 -85
9-6_270.png 15 5 9 76 -85
9-6_fl.png 15 5 9 76 -85
9-7.png 15 5 57 62 -119
9-7_90.png 15 5 57 62 -119
9-7_180.png 15 5 57 62 -119
9-7_270.png 15 5 57 62 -119
9-7_fl.png 15 5 57 62 -119
9-8.png 15 5 33 71 -104
9-8_90.png 15 5 33 71 -104
9-8_180.png 15 5 33 71 -104
9-8_270.png 15 5 33 71 -104
9-8_fl.png 15 5 33 71 -104
9-9.png 15 5 14 76 -90
9-9_90.png 15 5 14 76 -90
9-9_180.png 15 5 14 76 -90
9-9_270.png 15 5 14 76 -90
9-9_fl.png 15 5 14 76 -90
9-10.png 15 5 2 88 -90
9-10_90.png 15 5 2 88 -90
9-10_180.png 15 5 2 88 -90
9-10_270.png 15 5 2 88 -90
9-10_fl.png 15 5 2 88 -90
9-11.png 15 5 32 92 -124
9-11_90.png 15 5 32 92 -124
9-11_180.png 15 5 32 92 -124
9-11_270.png 15 5 32 92 -124
9-11_fl.png 15 5 32 92 -124
9-12.png 15 5 33 78 -111
9-12_90.png 15 5 33 78 -111
9-12_180.png 15 5 33 78 -111
9-12_270.png 15 5 33 78 -111
9-12_fl.png 15 5 33 78 -111
9-14.png 15 5 29 77 -106
9-14_90.png 15 5 29 77 -106
9-14_180.png 15 5 29 77 -106
9-14_270.png 15 5 29 77 -106
9-14_fl.png 15 5 29 77 -106
10-2.png 20 5 91 93 -184
10-2_90.png 20 5 91 93 -184
10-2_180.png 20 5 91 93 -184
10-2_270.png 20 5 91 93 -184
10-2_fl.png 20 5 91 93 -184
10-5.png 20 5 40 159 -199
10-5_90.png 20 5 40 159 -199
10-5_180.png 20 5 40 159 -199
10-5_270.png 20 5 40 159 -199
10-5_fl.png 20 5 40 159 -199
10-6.png 20 5 94 78 -172
10-6_90.png 20 5 94 78 -172
10-6_180.png 20 5 94 78 -172
10-6_270.png 20 5 94 78 -172
10-6_fl.png 20 5 94 78 -172
10-7.png 20 5 93 94 -187
10-7_90.png 20 5 93 94 -187
10-7_180.png 20 5 93 94 -187
10-7_270.png 20 5 93 94 -187
10-7_fl.png 20 5 93 94 -187
10-8.png 20 5 107 121 -228
10-8_90.png 20 5 107 121 -228
10-8_180.png 20 5 107 121 -228
10-8_270.png 20 5 107 121 -228
10-8_fl.png 20 5 107 121 -228
10-9.png 20 5 65 92 -157
10-9_90.png 20 5 65 92 -157
10-9_180.png 20 5 65 92 -157
10-9_270.png 20 5 65 92 -157
10-9_fl.png 20 5 65 92 -157
10-10.png 20 5 137 107 -244
10-10_90.png 20 5 137 107 -244
10-10_180.png 20 5 137 107 -244
10-10_270.png 20 5 137 107 -244
10-10_fl.png 20 5 137 107 -244
10-12.png 20 5 128 106 -234
10-12_90.png 20 5 128 106 -234
10-12_180.png 20 5 128 106 -234
10-12_270.png 20 5 128 106 -234
10-12_fl.png 20 5 128 106 -234
10-13.png 20 5 82 109 -191
10-13_90.png 20 5 82 109 -191
10-13_180.png 20 5 82 109 -191
10-13_270.png 20 5 82 109 -191
10-13_fl.png 20 5 82 109 -191
10-14.png 20 5 111 108 -219
10-14_90.png 20 5 111 108 -219
10-14_180.png 20 5 111 108 -219
10-14_270.png 20 5 111 108 -219
10-14_fl.png 20 5 111 108 -219
11-1.png 0 10 -140 16 124
11-1_90.png 0 10 -140 16 124
11-1_180.png 0 10 -140 16 124
11-1_270.png 0 10 -140 16 124
11-1_fl.png 0 10 -140 16 124
11-2.png 0 10 -133 10 123
11-2_90.png 0 10 -133 10 123
11-2_180.png 0 10 -133 10 123
11-2_270.png 0 10 -133 10 123
11-2_fl.png 0 10 -133 10 123
11-3.png 0 10 -138 13 125
11-3_90.png 0 10 -138 13 125
11-3_180.png 0 10 -138 13 125
11-3_270.png 0 10 -138 13 125
11-3_fl.png 0 10 -138 13 125
11-4.png 0 10 -192 54 138
11-4_90.png 0 10 -192 54 138
11-4_180.png 0 10 -192 54 138
11-4_270.png 0 10 -192 54 138
11-4_fl.png 0 10 -192 54 138
11-7.png 0 10 -152 30 122
11-7_90.png 0 10 -152 30 122
11-7_180.png 0 10 -152 30 122
11-7_270.png 0 10 -152 30 122
11-7_fl.png 0 10 -152 30 122
11-9.png 0 10 -136 -12 148
11-9_90.png 0 10 -136 -12 148
11-9_180.png 0 10 -136 -12 148
11-9_270.png 0 10 -136 -12 148
11-9_fl.png 0 10 -136 -12 148
11-10.png 0 10 -140 16 124
11-10_90.png 0 10 -140 16 124
11-10_180.png 0 10 -140 16 124
11-10_270.png 0 10 -140 16 124
11-10_fl.png 0 10 -140 16 124
11-11.png 0 10 -141 3 138
11-11_90.png 0 10 -141 3 138
11-11_180.png 0 10 -141 3 138
11-11_270.png 0 10 -141 3 138
11-11_fl.png 0 10 -141 3 138
11-12.png 0 10 -126 5 121
11-12_90.png 0 10 -126 5 121
11-12_180.png 0 10 -126 5 121
11-12_270.png 0 10 -126 5 121
11-12_fl.png 0 10 -126 5 121
11-15.png 0 10 -148 -1 149
11-15_90.png 0 10 -148 -1 149
11-15_180.png 0 10 -148 -1 149
11-15_270.png 0 10 -148 -1 149
11-15_fl.png 0 10 -148 -1 149
12-1.png 5 10 -74 18 56
12-1_90.png 5 10 -74 18 56
12-1_180.png 5 10 -74 18 56
12-1_270.png 5 10 -74 18 56
12-1_fl.png 5 10 -74 18 56
12-2.png 5 10 -60 -15 75
12-2_90.png 5 10 -60 -15 75
12-2_180.png 5 10 -60 -15 75
12-2_270.png 5 10 -60 -15 75
12-2_fl.png 5 10 -60 -15 75
12-3.png 5 10 -74 -3 77
12-3_90.png 5 10 -74 -3 77
12-3_180.png 5 10 -74 -3 77
12-3_270.png 5 10 -74 -3 77
12-3_fl.png 5 10 -74 -3 77
12-4.png 5 10 -90 9 81
12-4_90.png 5 10 -90 9 81
12-4_180.png 5 10 -90 9 81
12-4_270.png 5 10 -90 9 81
12-4_fl.png 5 10 -90 9 81
12-7.png 5 10 -38 -23 61
12-7_90.png 5 10 -38 -23 61
12-7_180.png 5 10 -38 -23 61
12-7_270.png 5 10 -38 -23 61
12-7_fl.png 5 10 -38 -23 61
12-8.png 5 10 -71 -13 84
12-8_90.png 5 10 -71 -13 84
12-8_180.png 5 10 -71 -13 84
12-8_270.png 5 10 -71 -13 84
12-8_fl.png 5 10 -71 -13 84
12-9.png 5 10 -68 -8 76
12-9_90.png 5 10 -68 -8 76
12-9_180.png 5 10 -68 -8 76
12-9_270.png 5 10 -68 -8 76
12-9_fl.png 5 10 -68 -8 76
12-11.png 5 10 -61 1 60
12-11_90.png 5 10 -61 1 60
12-11_180.png 5 10 -61 1 60
12-11_270.png 5 10 -61 1 60
12-11_fl.png 5 10 -61 1 60
12-13.png 5 10 -90 8 82
12-13_90.png 5 10 -90 8 82
12-13_180.png 5 10 -90 8 82
12-13_270.png 5 10 -90 8 82
12-13_fl.png 5 10 -90 8 82
12-15.png 5 10 -77 15 62
12-15_90.png 5 10 -77 15 62
12-15_180.png 5 10 -77 15 62
12-15_270.png 5 10 -77 15 62
12-15_fl.png 5 10 -77 15 62
13-3.png 10 10 10 9 -19
13-3_90.png 10 10 10 9 -19
13-3_180.png 10 10 10 9 -19
13-3_270.png 10 10 10 9 -19
13-3_fl.png 10 10 10 9 -19
13-4.png 10 10 32 -1 -31
13-4_90.png 10 10 32 -1 -31
13-4_180.png 10 10 32 -1 -31
13-4_270.png 10 10 32 -1 -31
13-4_fl.png 10 10 32 -1 -31
13-6.png 10 10 14 -6 -8
13-6_90.png 10 10 14 -6 -8
13-6_180.png 10 10 14 -6 -8
13-6_270.png 10 10 14 -6 -8
13-6_fl.png 10 10 14 -6 -8
13-7.png 10 10 26 -4 -22
13-7_90.png 10 10 26 -4 -22
13-7_180.png 10 10 26 -4 -22
13-7_270.png 10 10 26 -4 -22
13-7_fl.png 10 10 26 -4 -22
13-8.png 10 10 5 16 -21
13-8_90.png 10 10 5 16 -21
13-8_180.png 10 10 5 16 -21
13-8_270.png 10 10 5 16 -21
13-8_fl.png 10 10 5 16 -21
13-9.png 10 10 2 11 -13
13-9_90.png 10 10 2 11 -13
13-9_180.png 10 10 2 11 -13
13-9_270.png 10 10 2 11 -13
13-9_fl.png 10 10 2 11 -13
13-11.png 10 10 22 0 -22
13-11_90.png 10 10 22 0 -22
13-11_180.png 10 10 22 0 -22
13-11_270.png 10 10 22 0 -22
13-11_fl.png 10 10 22 0 -22
13-12.png 10 10 11 -10 -1
13-12_90.png 10 10 11 -10 -1
13-12_180.png 10 10 11 -10 -1
13-12_270.png 10 10 11 -10 -1
13-12_fl.png 10 10 11 -10 -1
13-13.png 10 10 -1 12 -11
13-13_90.png 10 10 -1 12 -11
13-13_180.png 10 10 -1 12 -11
13-13_270.png 10 10 -1 12 -11
13-13_fl.png 10 10 -1 12 -11
13-14.png 10 10 13 -6 -7
13-14_90.png 10 10 13 -6 -7
13-14_180.png 10 10 13 -6 -7
13-14_270.png 10 10 13 -6 -7
13-14_fl.png 10 10 13 -6 -7
14-1.png 15 10 91 0 -91
14-1_90.png 15 10 91 0 -91
14-1_180.png 15 10 91 0 -91
14-1_270.png 15 10 91 0 -91
14-1_fl.png 15 10 91 0 -91
14-3.png 15 10 74 -12 -62
14-3_90.png 15 10 74 -12 -62
14-3_180.png 15 10 74 -12 -62
14-3_270.png 15 10 74 -12 -62
14-3_fl.png 15 10 74 -12 -62
14-6.png 15 10 72 4 -76
14-6_90.png 15 10 72 4 -76
14-6_180.png 15 10 72 4 -76
14-6_270.png 15 10 72 4 -76
14-6_fl.png 15 10 72 4 -76
14-7.png 15 10 75 0 -75
14-7_90.png 15 10 75 0 -75
14-7_180.png 15 10 75 0 -75
14-7_270.png 15 10 75 0 -75
14-7_fl.png 15 10 75 0 -75
14-8.png 15 10 94 0 -94
14-8_90.png 15 10 94 0 -94
14-8_180.png 15 10 94 0 -94
14-8_270.png 15 10 94 0 -94
14-8_fl.png 15 10 94 0 -94
14-10.png 15 10 92 0 -92
14-10_90.png 15 10 92 0 -92
14-10_180.png 15 10 92 0 -92
14-10_270.png 15 10 92 0 -92
14-10_fl.png 15 10 92 0 -92
14-11.png 15 10 78 0 -78
14-11_90.png 15 10 78 0 -78
14-11_180.png 15 10 78 0 -78
14-11_270.png 15 10 78 0 -78
14-11_fl.png 15 10 78 0 -78
14-12.png 15 10 66 10 -76
14-12_90.png 15 10 66 10 -76
14-12_180.png 15 10 66 10 -76
14-12_270.png 15 10 66 10 -76
14-12_fl.png 15 10 66 10 -76
14-14.png 15 10 74 0 -74
14-14_90.png 15 10 74 0 -74
14-14_180.png 15 10 74 0 -74
14-14_270.png 15 10 74 0 -74
14-14_fl.png 15 10 74 0 -74
14-15.png 15 10 78 0 -78
14-15_90.png 15 10 78 0 -78
14-15_180.png 15 10 78 0 -78
14-15_270.png 15 10 78 0 -78
14-15_fl.png 15 10 78 0 -78
16-1.png 0 15 -75 -42 117
16-1_90.png 0 15 -75 -42 117
16-1_180.png 0 15 -75 -42 117
16-1_270.png 0 15 -75 -42 117
16-1_fl.png 0 15 -75 -42 117
16-2.png 0 15 -74 -36 110
16-2_90.png 0 15 -74 -36 110
16-2_180.png 0 15 -74 -36 110
16-2_270.png 0 15 -74 -36 110
16-2_fl.png 0 15 -74 -36 110
16-3.png 0 15 -69 -33 102
16-3_90.png 0 15 -69 -33 102
16-3_180.png 0 15 -69 -33 102
16-3_270.png 0 15 -69 -33 102
16-3_fl.png 0 15 -69 -33 102
16-4.png 0 15 -59 -57 116
16-4_90.png 0 15 -59 -57 116
16-4_180.png 0 15 -59 -57 116
16-4_270.png 0 15 -59 -57 116
16-4_fl.png 0 15 -59 -57 116
16-6.png 0 15 -54 -47 101
16-6_90.png 0 15 -54 -47 101
16-6_180.png 0 15 -54 -47 101
16-6_270.png 0 15 -54 -47 101
16-6_fl.png 0 15 -54 -47 101
16-7.png 0 15 -60 -74 134
16-7_90.png 0 15 -60 -74 134
16-7_180.png 0 15 -60 -74 134
16-7_270.png 0 15 -60 -74 134
16-7_fl.png 0 15 -60 -74 134
16-9.png 0 15 -55 -53 108
16-9_90.png 0 15 -55 -53 108
16-9_180.png 0 15 -55 -53 108
16-9_270.png 0 15 -55 -53 108
16-9_fl.png 0 15 -55 -53 108
16-12.png 0 15 -58 -49 107
16-12_90.png 0 15 -58 -49 107
16-12_180.png 0 15 -58 -49 107
16-12_270.png 0 15 -58 -49 107
16-12_fl.png 0 15 -58 -49 107
16-13.png 0 15 -59 -70 129
16-13_90.png 0 15 -59 -70 129
16-13_180.png 0 15 -59 -70 129
16-13_270.png 0 15 -59 -70 129
16-13_fl.png 0 15 -59 -70 129
16-15.png 0 15 -60 -47 107
16-15_90.png 0 15 -60 -47 107
16-15_180.png 0 15 -60 -47 107
16-15_270.png 0 15 -60 -47 107
16-15_fl.png 0 15 -60 -47 107
18-1.png 10 15 89 -76 -13
18-1_90.png 10 15 89 -76 -13
18-1_180.png 10 15 89 -76 -13
18-1_270.png 10 15 89 -76 -13
18-1_fl.png 10 15 89 -76 -13
18-2.png 10 15 83 -70 -13
18-2_90.png 10 15 83 -70 -13
18-2_180.png 10 15 83 -70 -13
18-2_270.png 10 15 83 -70 -13
18-2_fl.png 10 15 83 -70 -13
18-3.png 10 15 75 -60 -15
18-3_90.png 10 15 75 -60 -15
18-3_180.png 10 15 75 -60 -15
18-3_270.png 10 15 75 -60 -15
18-3_fl.png 10 15 75 -60 -15
18-4.png 10 15 87 -60 -27
18-4_90.png 10 15 87 -60 -27
18-4_180.png 10 15 87 -60 -27
18-4_270.png 10 15 87 -60 -27
18-4_fl.png 10 15 87 -60 -27
18-5.png 10 15 91 -61 -30
18-5_90.png 10 15 91 -61 -30
18-5_180.png 10 15 91 -61 -30
18-5_270.png 10 15 91 -61 -30
18-5_fl.png 10 15 91 -61 -30
18-6.png 10 15 98 -75 -23
18-6_90.png 10 15 98 -75 -23
18-6_180.png 10 15 98 -75 -23
18-6_270.png 10 15 98 -75 -23
18-6_fl.png 10 15 98 -75 -23
18-7.png 10 15 90 -82 -8
18-7_90.png 10 15 90 -82 -8
18-7_180.png 10 15 90 -82 -8
18-7_270.png 10 15 90 -82 -8
18-7_fl.png 10 15 90 -82 -8
18-10.png 10 15 74 -76 2
18-10_90.png 10 15 74 -76 2
18-10_180.png 10 15 74 -76 2
18-10_270.png 10 15 74 -76 2
18-10_fl.png 10 15 74 -76 2
18-12.png 10 15 75 -75 0
18-12_90.png 10 15 75 -75 0
18-12_180.png 10 15 75 -75 0
18-12_270.png 10 15 75 -75 0
18-12_fl.png 10 15 75 -75 0
18-13.png 10 15 76 -78 2
18-13_90.png 10 15 76 -78 2
18-13_180.png 10 15 76 -78 2
18-13_270.png 10 15 76 -78 2
18-13_fl.png 10 15 76 -78 2
20-2.png 20 15 220 -107 -113
20-2_90.png 20 15 220 -107 -113
20-2_180.png 20 15 220 -107 -113
20-2_270.png 20 15 220 -107 -113
20-2_fl.png 20 15 220 -107 -113
20-4.png 20 15 251 -109 -142
20-4_90.png 20 15 251 -109 -142
20-4_180.png 20 15 251 -109 -142
20-4_270.png 20 15 251 -109 -142
20-4_fl.png 20 15 251 -109 -142
20-7.png 20 15 218 -105 -113
20-7_90.png 20 15 218 -105 -113
20-7_180.png 20 15 218 -105 -113
20-7_270.png 20 15 218 -105 -113
20-7_fl.png 20 15 218 -105 -113
20-8.png 20 15 250 -107 -143
20-8_90.png 20 15 250 -107 -143
20-8_180.png 20 15 250 -107 -143
20-8_270.png 20 15 250 -107 -143
20-8_fl.png 20 15 250 -107 -143
20-10.png 20 15 214 -108 -106
20-10_90.png 20 15 214 -108 -106
20-10_180.png 20 15 214 -108 -106
20-10_270.png 20 15 214 -108 -106
20-10_fl.png 20 15 214 -108 -106
20-11.png 20 15 220 -109 -111
20-11_90.png 20 15 220 -109 -111
20-11_180.png 20 15 220 -109 -111
20-11_270.png 20 15 220 -109 -111
20-11_fl.png 20 15 220 -109 -111
20-12.png 20 15 222 -115 -107
20-12_90.png 20 15 222 -115 -107
20-12_180.png 20 15 222 -115 -107
20-12_270.png 20 15 222 -115 -107
20-12_fl.png 20 15 222 -115 -107
20-13.png 20 15 214 -108 -106
20-13_90.png 20 15 214 -108 -106
20-13_180.png 20 15 214 -108 -106
20-13_270.png 20 15 214 -108 -106
20-13_fl.png 20 15 214 -108 -106
20-14.png 20 15 238 -108 -130
20-14_90.png 20 15 238 -108 -130
20-14_180.png 20 15 238 -108 -130
20-14_270.png 20 15 238 -108 -130
20-14_fl.png 20 15 238 -108 -130
20-15.png 20 15 213 -111 -102
20-15_90.png 20 15 213 -111 -102
20-15_180.png 20 15 213 -111 -102
20-15_270.png 20 15 213 -111 -102
20-15_fl.png 20 15 213 -111 -102
21-2.png 0 20 3 -89 86
21-2_90.png 0 20 3 -89 86
21-2_180.png 0 20 3 -89 86
21-2_270.png 0 20 3 -89 86
21-2_fl.png 0 20 3 -89 86
21-3.png 0 20 2 -122 120
21-3_90.png 0 20 2 -122 120
21-3_180.png 0 20 2 -122 120
21-3_270.png 0 20 2 -122 120
21-3_fl.png 0 20 2 -122 120
21-5.png 0 20 1 -90 89
21-5_90.png 0 20 1 -90 89
21-5_180.png 0 20 1 -90 89
21-5_270.png 0 20 1 -90 89
21-5_fl.png 0 20 1 -90 89
21-6.png 0 20 23 -101 78
21-6_90.png 0 20 23 -101 78
21-6_180.png 0 20 23 -101 78
21-6_270.png 0 20 23 -101 78
21-6_fl.png 0 20 23 -101 78
21-8.png 0 20 11 -84 73
21-8_90.png 0 20 11 -84 73
21-8_180.png 0 20 11 -84 73
21-8_270.png 0 20 11 -84 73
21-8_fl.png 0 20 11 -84 73
21-9.png 0 20 13 -115 102
21-9_90.png 0 20 13 -115 102
21-9_180.png 0 20 13 -115 102
21-9_270.png 0 20 13 -115 102
21-9_fl.png 0 20 13 -115 102
21-10.png 0 20 -1 -94 95
21-10_90.png 0 20 -1 -94 95
21-10_180.png 0 20 -1 -94 95
21-10_270.png 0 20 -1 -94 95
21-10_fl.png 0 20 -1 -94 95
21-11.png 0 20 16 -96 80
21-11_90.png 0 20 16 -96 80
21-11_180.png 0 20 16 -96 80
21-11_270.png 0 20 16 -96 80
21-11_fl.png 0 20 16 -96 80
21-14.png 0 20 0 -80 80
21-14_90.png 0 20 0 -80 80
21-14_180.png 0 20 0 -80 80
21-14_270.png 0 20 0 -80 80
21-14_fl.png 0 20 0 -80 80
21-15.png 0 20 -3 -89 92
21-15_90.png 0 20 -3 -89 92
21-15_180.png 0 20 -3 -89 92
21-15_270.png 0 20 -3 -89 92
21-15_fl.png 0 20 -3 -89 92
22-1.png 5 20 47 -79 32
22-1_90.png 5 20 47 -79 32
22-1_180.png 5 20 47 -79 32
22-1_270.png 5 20 47 -79 32
22-1_fl.png 5 20 47 -79 32
22-3.png 5 20 62 -114 52
22-3_90.png 5 20 62 -114 52
22-3_180.png 5 20 62 -114 52
22-3_270.png 5 20 62 -114 52
22-3_fl.png 5 20 62 -114 52
22-4.png 5 20 74 -122 48
22-4_90.png 5 20 74 -122 48
22-4_180.png 5 20 74 -122 48
22-4_270.png 5 20 74 -122 48
22-4_fl.png 5 20 74 -122 48
22-6.png 5 20 78 -110 32
22-6_90.png 5 20 78 -110 32
22-6_180.png 5 20 78 -110 32
22-6_270.png 5 20 78 -110 32
22-6_fl.png 5 20 78 -110 32
22-7.png 5 20 63 -115 52
22-7_90.png 5 20 63 -115 52
22-7_180.png 5 20 63 -115 52
22-7_270.png 5 20 63 -115 52
22-7_fl.png 5 20 63 -115 52
22-8.png 5 20 72 -102 30
22-8_90.png 5 20 72 -102 30
22-8_180.png 5 20 72 -102 30
22-8_270.png 5 20 72 -102 30
22-8_fl.png 5 20 72 -102 30
22-10.png 5 20 61 -106 45
22-10_90.png 5 20 61 -106 45
22-10_180.png 5 20 61 -106 45
22-10_270.png 5 20 61 -106 45
22-10_fl.png 5 20 61 -106 45
22-11.png 5 20 55 -98 43
22-11_90.png 5 20 55 -98 43
22-11_180.png 5 20 55 -98 43
22-11_270.png 5 20 55 -98 43
22-11_fl.png 5 20 55 -98 43
22-13.png 5 20 58 -111 53
22-13_90.png 5 20 58 -111 53
22-13_180.png 5 20 58 -111 53
22-13_270.png 5 20 58 -111 53
22-13_fl.png 5 20 58 -111 53
22-14.png 5 20 71 -105 34
22-14_90.png 5 20 71 -105 34
22-14_180.png 5 20 71 -105 34
22-14_270.png 5 20 71 -105 34
22-14_fl.png 5 20 71 -105 34
24-1.png 15 20 205 -161 -44
24-1_90.png 15 20 205 -161 -44
24-1_180.png 15 20 205 -161 -44
24-1_270.png 15 20 205 -161 -44
24-1_fl.png 15 20 205 -161 -44
24-3.png 15 20 214 -165 -49
24-3_90.png 15 20 214 -165 -49
24-3_180.png 15 20 214 -165 -49
24-3_270.png 15 20 214 -165 -49
24-3_fl.png 15 20 214 -165 -49
24-6.png 15 20 206 -152 -54
24-6_90.png 15 20 206 -152 -54
24-6_180.png 15 20 206 -152 -54
24-6_270.png 15 20 206 -152 -54
24-6_fl.png 15 20 206 -152 -54
24-7.png 15 20 222 -180 -42
24-7_90.png 15 20 222 -180 -42
24-7_180.png 15 20 222 -180 -42
24-7_270.png 15 20 222 -180 -42
24-7_fl.png 15 20 222 -180 -42
24-8.png 15 20 233 -179 -54
24-8_90.png 15 20 233 -179 -54
24-8_180.png 15 20 233 -179 -54
24-8_270.png 15 20 233 -179 -54
24-8_fl.png 15 20 233 -179 -54
24-9.png 15 20 263 -154 -109
24-9_90.png 15 20 263 -154 -109
24-9_180.png 15 20 263 -154 -109
24-9_270.png 15 20 263 -154 -109
24-9_fl.png 15 20 263 -154 -109
24-10.png 15 20 212 -169 -43
24-10_90.png 15 20 212 -169 -43
24-10_180.png 15 20 212 -169 -43
24-10_270.png 15 20 212 -169 -43
24-10_fl.png 15 20 212 -169 -43
24-11.png 15 20 242 -150 -92
24-11_90.png 15 20 242 -150 -92
24-11_180.png 15 20 242 -150 -92
24-11_270.png 15 20 242 -150 -92
24-11_fl.png 15 20 242 -150 -92
24-13.png 15 20 232 -173 -59
24-13_90.png 15 20 232 -173 -59
24-13_180.png 15 20 232 -173 -59
24-13_270.png 15 20 232 -173 -59
24-13_fl.png 15 20 232 -173 -59
24-14.png 15 20 237 -155 -82
24-14_90.png 15 20 237 -155 -82
24-14_180.png 15 20 237 -155 -82
24-14_270.png 15 20 237 -155 -82
24-14_fl.png 15 20 237 -155 -82
25-2.png 20 20 298 -195 -103
25-2_90.png 20 20 298 -195 -103
25-2_180.png 20 20 298 -195 -103
25-2_270.png 20 20 298 -195 -103
25-2_fl.png 20 20 298 -195 -103
25-3.png 20 20 293 -197 -96
25-3_90.png 20 20 293 -197 -96
25-3_180.png 20 20 293 -197 -96
25-3_270.png 20 20 293 -197 -96
25-3_fl.png 20 20 293 -197 -96
25-4.png 20 20 295 -190 -105
25-4_90.png 20 20 295 -190 -105
25-4_180.png 20 20 295 -190 -105
25-4_270.png 20 20 295 -190 -105
25-4_fl.png 20 20 295 -190 -105
25-5.png 20 20 321 -197 -124
25-5_90.png 20 20 321 -197 -124
25-5_180.png 20 20 321 -197 -124
25-5_270.png 20 20 321 -197 -124
25-5_fl.png 20 20 321 -197 -124
25-7.png 20 20 293 -196 -97
25-7_90.png 20 20 293 -196 -97
25-7_180.png 20 20 293 -196 -97
25-7_270.png 20 20 293 -196 -97
25-7_fl.png 20 20 293 -196 -97
25-8.png 20 20 313 -217 -96
25-8_90.png 20 20 313 -217 -96
25-8_180.png 20 20 313 -217 -96
25-8_270.png 20 20 313 -217 -96
25-8_fl.png 20 20 313 -217 -96
25-9.png 20 20 294 -202 -92
25-9_90.png 20 20 294 -202 -92
25-9_180.png 20 20 294 -202 -92
25-9_270.png 20 20 294 -202 -92
25-9_fl.png 20 20 294 -202 -92
25-10.png 20 20 283 -194 -89
25-10_90.png 20 20 283 -194 -89
25-10_180.png 20 20 283 -194 -89
25-10_270.png 20 20 283 -194 -89
25-10_fl.png 20 20 283 -194 -89
25-11.png 20 20 320 -210 -110
25-11_90.png 20 20 320 -210 -110
25-11_180.png 20 20 320 -210 -110
25-11_270.png 20 20 320 -210 -110
25-11_fl.png 20 20 320 -210 -110
25-12.png 20 20 300 -203 -97
25-12_90.png 20 20 300 -203 -97
25-12_180.png 20 20 300 -203 -97
25-12_270.png 20 20 300 -203 -97
25-12_fl.png 20 20 300 -203 -97
