1-5.png 0 0 -377 156 221
1-5_90.png 0 0 -377 156 221
1-5_180.png 0 0 -377 156 221
1-5_270.png 0 0 -377 156 221
1-5_fl.png 0 0 -377 156 221
1-6.png 0 0 -346 143 203
1-6_90.png 0 0 -346 143 203
1-6_180.png 0 0 -346 143 203
1-6_270.png 0 0 -346 143 203
1-6_fl.png 0 0 -346 143 203
1-7.png 0 0 -318 96 222
1-7_90.png 0 0 -318 96 222
1-7_180.png 0 0 -318 96 222
1-7_270.png 0 0 -318 96 222
1-7_fl.png 0 0 -318 96 222
1-9.png 0 0 -145 -59 204
1-9_90.png 0 0 -145 -59 204
1-9_180.png 0 0 -145 -59 204
1-9_270.png 0 0 -145 -59 204
1-9_fl.png 0 0 -145 -59 204
1-11.png 0 0 -174 -93 267
1-11_90.png 0 0 -174 -93 267
1-11_180.png 0 0 -174 -93 267
1-11_270.png 0 0 -174 -93 267
1-11_fl.png 0 0 -174 -93 267
3-2.png 10 0 -158 158 0
3-2_90.png 10 0 -158 158 0
3-2_180.png 10 0 -158 158 0
3-2_270.png 10 0 -158 158 0
3-2_fl.png 10 0 -158 158 0
3-3.png 10 0 -173 173 0
3-3_90.png 10 0 -173 173 0
3-3_180.png 10 0 -173 173 0
3-3_270.png 10 0 -173 173 0
3-3_fl.png 10 0 -173 173 0
3-4.png 10 0 -139 154 -15
3-4_90.png 10 0 -139 154 -15
3-4_180.png 10 0 -139 154 -15
3-4_270.png 10 0 -139 154 -15
3-4_fl.png 10 0 -139 154 -15
3-6.png 10 0 -124 138 -14
3-6_90.png 10 0 -124 138 -14
3-6_180.png 10 0 -124 138 -14
3-6_270.png 10 0 -124 138 -14
3-6_fl.png 10 0 -124 138 -14
3-10.png 10 0 -57 141 -84
3-10_90.png 10 0 -57 141 -84
3-10_180.png 10 0 -57 141 -84
3-10_270.png 10 0 -57 141 -84
3-10_fl.png 10 0 -57 141 -84
4-5.png 15 0 -65 174 -109
4-5_90.png 15 0 -65 174 -109
4-5_180.png 15 0 -65 174 -109
4-5_270.png 15 0 -65 174 -109
4-5_fl.png 15 0 -65 174 -109
4-7.png 15 0 -64 172 -108
4-7_90.png 15 0 -64 172 -108
4-7_180.png 15 0 -64 172 -108
4-7_270.png 15 0 -64 172 -108
4-7_fl.png 15 0 -64 172 -108
4-9.png 15 0 -44 170 -126
4-9_90.png 15 0 -44 170 -126
4-9_180.png 15 0 -44 170 -126
4-9_270.png 15 0 -44 170 -126
4-9_fl.png 15 0 -44 170 -126
4-11.png 15 0 -44 150 -106
4-11_90.png 15 0 -44 150 -106
4-11_180.png 15 0 -44 150 -106
4-11_270.png 15 0 -44 150 -106
4-11_fl.png 15 0 -44 150 -106
4-12.png 15 0 -51 170 -119
4-12_90.png 15 0 -51 170 -119
4-12_180.png 15 0 -51 170 -119
4-12_270.png 15 0 -51 170 -119
4-12_fl.png 15 0 -51 170 -119
5-8.png 20 0 36 202 -238
5-8_90.png 20 0 36 202 -238
5-8_180.png 20 0 36 202 -238
5-8_270.png 20 0 36 202 -238
5-8_fl.png 20 0 36 202 -238
5-9.png 20 0 2 200 -202
5-9_90.png 20 0 2 200 -202
5-9_180.png 20 0 2 200 -202
5-9_270.png 20 0 2 200 -202
5-9_fl.png 20 0 2 200 -202
5-11.png 20 0 0 213 -213
5-11_90.png 20 0 0 213 -213
5-11_180.png 20 0 0 213 -213
5-11_270.png 20 0 0 213 -213
5-11_fl.png 20 0 0 213 -213
5-13.png 20 0 49 235 -284
5-13_90.png 20 0 49 235 -284
5-13_180.png 20 0 49 235 -284
5-13_270.png 20 0 49 235 -284
5-13_fl.png 20 0 49 235 -284
5-15.png 20 0 -6 212 -206
5-15_90.png 20 0 -6 212 -206
5-15_180.png 20 0 -6 212 -206
5-15_270.png 20 0 -6 212 -206
5-15_fl.png 20 0 -6 212 -206
6-3.png 0 5 -231 52 179
6-3_90.png 0 5 -231 52 179
6-3_180.png 0 5 -231 52 179
6-3_270.png 0 5 -231 52 179
6-3_fl.png 0 5 -231 52 179
6-8.png 0 5 -205 47 158
6-8_90.png 0 5 -205 47 158
6-8_180.png 0 5 -205 47 158
6-8_270.png 0 5 -205 47 158
6-8_fl.png 0 5 -205 47 158
6-10.png 0 5 -205 25 180
6-10_90.png 0 5 -205 25 180
6-10_180.png 0 5 -205 25 180
6-10_270.png 0 5 -205 25 180
6-10_fl.png 0 5 -205 25 180
6-11.png 0 5 -251 11 240
6-11_90.png 0 5 -251 11 240
6-11_180.png 0 5 -251 11 240
6-11_270.png 0 5 -251 11 240
6-11_fl.png 0 5 -251 11 240
6-14.png 0 5 -2 -155 157
6-14_90.png 0 5 -2 -155 157
6-14_180.png 0 5 -2 -155 157
6-14_270.png 0 5 -2 -155 157
6-14_fl.png 0 5 -2 -155 157
7-7.png 5 5 -170 79 91
7-7_90.png 5 5 -170 79 91
7-7_180.png 5 5 -170 79 91
7-7_270.png 5 5 -170 79 91
7-7_fl.png 5 5 -170 79 91
7-8.png 5 5 -172 41 131
7-8_90.png 5 5 -172 41 131
7-8_180.png 5 5 -172 41 131
7-8_270.png 5 5 -172 41 131
7-8_fl.png 5 5 -172 41 131
7-13.png 5 5 -148 50 98
7-13_90.png 5 5 -148 50 98
7-13_180.png 5 5 -148 50 98
7-13_270.png 5 5 -148 50 98
7-13_fl.png 5 5 -148 50 98
7-14.png 5 5 -150 55 95
7-14_90.png 5 5 -150 55 95
7-14_180.png 5 5 -150 55 95
7-14_270.png 5 5 -150 55 95
7-14_fl.png 5 5 -150 55 95
7-15.png 5 5 -139 48 91
7-15_90.png 5 5 -139 48 91
7-15_180.png 5 5 -139 48 91
7-15_270.png 5 5 -139 48 91
7-15_fl.png 5 5 -139 48 91
9-6.png 15 5 9 76 -85
9-6_90.png 15 5 9 76 -85
9-6_180.png 15 5 9 76 -85
9-6_270.png 15 5 9 76 -85
9-6_fl.png 15 5 9 76 -85
9-7.png 15 5 57 62 -119
9-7_90.png 15 5 57 62 -119
9-7_180.png 15 5 57 62 -119
9-7_270.png 15 5 57 62 -119
9-7_fl.png 15 5 57 62 -119
9-8.png 15 5 33 71 -104
9-8_90.png 15 5 33 71 -104
9-8_180.png 15 5 33 71 -104
9-8_270.png 15 5 33 71 -104
9-8_fl.png 15 5 33 71 -104
9-10.png 15 5 2 88 -90
9-10_90.png 15 5 2 88 -90
9-10_180.png 15 5 2 88 -90
9-10_270.png 15 5 2 88 -90
9-10_fl.png 15 5 2 88 -90
9-14.png 15 5 29 77 -106
9-14_90.png 15 5 29 77 -106
9-14_180.png 15 5 29 77 -106
9-14_270.png 15 5 29 77 -106
9-14_fl.png 15 5 29 77 -106
10-1.png 20 5 69 97 -166
10-1_90.png 20 5 69 97 -166
10-1_180.png 20 5 69 97 -166
10-1_270.png 20 5 69 97 -166
10-1_fl.png 20 5 69 97 -166
10-4.png 20 5 159 76 -235
10-4_90.png 20 5 159 76 -235
10-4_180.png 20 5 159 76 -235
10-4_270.png 20 5 159 76 -235
10-4_fl.png 20 5 159 76 -235
10-6.png 20 5 94 78 -172
10-6_90.png 20 5 94 78 -172
10-6_180.png 20 5 94 78 -172
10-6_270.png 20 5 94 78 -172
10-6_fl.png 20 5 94 78 -172
10-9.png 20 5 65 92 -157
10-9_90.png 20 5 65 92 -157
10-9_180.png 20 5 65 92 -157
10-9_270.png 20 5 65 92 -157
10-9_fl.png 20 5 65 92 -157
10-12.png 20 5 128 106 -234
10-12_90.png 20 5 128 106 -234
10-12_180.png 20 5 128 106 -234
10-12_270.png 20 5 128 106 -234
10-12_fl.png 20 5 128 106 -234
11-1.png 0 10 -140 16 124
11-1_90.png 0 10 -140 16 124
11-1_180.png 0 10 -140 16 124
11-1_270.png 0 10 -140 16 124
11-1_fl.png 0 10 -140 16 124
11-4.png 0 10 -192 54 138
11-4_90.png 0 10 -192 54 138
11-4_180.png 0 10 -192 54 138
11-4_270.png 0 10 -192 54 138
11-4_fl.png 0 10 -192 54 138
11-6.png 0 10 -153 31 122
11-6_90.png 0 10 -153 31 122
11-6_180.png 0 10 -153 31 122
11-6_270.png 0 10 -153 31 122
11-6_fl.png 0 10 -153 31 122
11-8.png 0 10 -125 2 123
11-8_90.png 0 10 -125 2 123
11-8_180.png 0 10 -125 2 123
11-8_270.png 0 10 -125 2 123
11-8_fl.png 0 10 -125 2 123
11-11.png 0 10 -141 3 138
11-11_90.png 0 10 -141 3 138
11-11_180.png 0 10 -141 3 138
11-11_270.png 0 10 -141 3 138
11-11_fl.png 0 10 -141 3 138
13-1.png 10 10 22 0 -22
13-1_90.png 10 10 22 0 -22
13-1_180.png 10 10 22 0 -22
13-1_270.png 10 10 22 0 -22
13-1_fl.png 10 10 22 0 -22
13-3.png 10 10 10 9 -19
13-3_90.png 10 10 10 9 -19
13-3_180.png 10 10 10 9 -19
13-3_270.png 10 10 10 9 -19
13-3_fl.png 10 10 10 9 -19
13-9.png 10 10 2 11 -13
13-9_90.png 10 10 2 11 -13
13-9_180.png 10 10 2 11 -13
13-9_270.png 10 10 2 11 -13
13-9_fl.png 10 10 2 11 -13
13-11.png 10 10 22 0 -22
13-11_90.png 10 10 22 0 -22
13-11_180.png 10 10 22 0 -22
13-11_270.png 10 10 22 0 -22
13-11_fl.png 10 10 22 0 -22
13-12.png 10 10 11 -10 -1
13-12_90.png 10 10 11 -10 -1
13-12_180.png 10 10 11 -10 -1
13-12_270.png 10 10 11 -10 -1
13-12_fl.png 10 10 11 -10 -1
15-4.png 20 10 138 0 -138
15-4_90.png 20 10 138 0 -138
15-4_180.png 20 10 138 0 -138
15-4_270.png 20 10 138 0 -138
15-4_fl.png 20 10 138 0 -138
15-6.png 20 10 158 -6 -152
15-6_90.png 20 10 158 -6 -152
15-6_180.png 20 10 158 -6 -152
15-6_270.png 20 10 158 -6 -152
15-6_fl.png 20 10 158 -6 -152
15-7.png 20 10 139 0 -139
15-7_90.png 20 10 139 0 -139
15-7_180.png 20 10 139 0 -139
15-7_270.png 20 10 139 0 -139
15-7_fl.png 20 10 139 0 -139
15-8.png 20 10 154 0 -154
15-8_90.png 20 10 154 0 -154
15-8_180.png 20 10 154 0 -154
15-8_270.png 20 10 154 0 -154
15-8_fl.png 20 10 154 0 -154
15-13.png 20 10 141 0 -141
15-13_90.png 20 10 141 0 -141
15-13_180.png 20 10 141 0 -141
15-13_270.png 20 10 141 0 -141
15-13_fl.png 20 10 141 0 -141
17-2.png 5 15 -4 -61 65
17-2_90.png 5 15 -4 -61 65
17-2_180.png 5 15 -4 -61 65
17-2_270.png 5 15 -4 -61 65
17-2_fl.png 5 15 -4 -61 65
17-5.png 5 15 9 -57 48
17-5_90.png 5 15 9 -57 48
17-5_180.png 5 15 9 -57 48
17-5_270.png 5 15 9 -57 48
17-5_fl.png 5 15 9 -57 48
17-8.png 5 15 8 -67 59
17-8_90.png 5 15 8 -67 59
17-8_180.png 5 15 8 -67 59
17-8_270.png 5 15 8 -67 59
17-8_fl.png 5 15 8 -67 59
17-12.png 5 15 -14 -45 59
17-12_90.png 5 15 -14 -45 59
17-12_180.png 5 15 -14 -45 59
17-12_270.png 5 15 -14 -45 59
17-12_fl.png 5 15 -14 -45 59
17-13.png 5 15 0 -60 60
17-13_90.png 5 15 0 -60 60
17-13_180.png 5 15 0 -60 60
17-13_270.png 5 15 0 -60 60
17-13_fl.png 5 15 0 -60 60
18-1.png 10 15 89 -76 -13
18-1_90.png 10 15 89 -76 -13
18-1_180.png 10 15 89 -76 -13
18-1_270.png 10 15 89 -76 -13
18-1_fl.png 10 15 89 -76 -13
18-4.png 10 15 87 -60 -27
18-4_90.png 10 15 87 -60 -27
18-4_180.png 10 15 87 -60 -27
18-4_270.png 10 15 87 -60 -27
18-4_fl.png 10 15 87 -60 -27
18-5.png 10 15 91 -61 -30
18-5_90.png 10 15 91 -61 -30
18-5_180.png 10 15 91 -61 -30
18-5_270.png 10 15 91 -61 -30
18-5_fl.png 10 15 91 -61 -30
18-8.png 10 15 77 -77 0
18-8_90.png 10 15 77 -77 0
18-8_180.png 10 15 77 -77 0
18-8_270.png 10 15 77 -77 0
18-8_fl.png 10 15 77 -77 0
18-10.png 10 15 74 -76 2
18-10_90.png 10 15 74 -76 2
18-10_180.png 10 15 74 -76 2
18-10_270.png 10 15 74 -76 2
18-10_fl.png 10 15 74 -76 2
19-5.png 15 15 153 -71 -82
19-5_90.png 15 15 153 -71 -82
19-5_180.png 15 15 153 -71 -82
19-5_270.png 15 15 153 -71 -82
19-5_fl.png 15 15 153 -71 -82
19-6.png 15 15 146 -87 -59
19-6_90.png 15 15 146 -87 -59
19-6_180.png 15 15 146 -87 -59
19-6_270.png 15 15 146 -87 -59
19-6_fl.png 15 15 146 -87 -59
19-11.png 15 15 167 -70 -97
19-11_90.png 15 15 167 -70 -97
19-11_180.png 15 15 167 -70 -97
19-11_270.png 15 15 167 -70 -97
19-11_fl.png 15 15 167 -70 -97
19-12.png 15 15 145 -93 -52
19-12_90.png 15 15 145 -93 -52
19-12_180.png 15 15 145 -93 -52
19-12_270.png 15 15 145 -93 -52
19-12_fl.png 15 15 145 -93 -52
19-14.png 15 15 177 -98 -79
19-14_90.png 15 15 177 -98 -79
19-14_180.png 15 15 177 -98 -79
19-14_270.png 15 15 177 -98 -79
19-14_fl.png 15 15 177 -98 -79
20-5.png 20 15 205 -114 -91
20-5_90.png 20 15 205 -114 -91
20-5_180.png 20 15 205 -114 -91
20-5_270.png 20 15 205 -114 -91
20-5_fl.png 20 15 205 -114 -91
20-6.png 20 15 220 -107 -113
20-6_90.png 20 15 220 -107 -113
20-6_180.png 20 15 220 -107 -113
20-6_270.png 20 15 220 -107 -113
20-6_fl.png 20 15 220 -107 -113
20-7.png 20 15 218 -105 -113
20-7_90.png 20 15 218 -105 -113
20-7_180.png 20 15 218 -105 -113
20-7_270.png 20 15 218 -105 -113
20-7_fl.png 20 15 218 -105 -113
20-12.png 20 15 222 -115 -107
20-12_90.png 20 15 222 -115 -107
20-12_180.png 20 15 222 -115 -107
20-12_270.png 20 15 222 -115 -107
20-12_fl.png 20 15 222 -115 -107
20-13.png 20 15 214 -108 -106
20-13_90.png 20 15 214 -108 -106
20-13_180.png 20 15 214 -108 -106
20-13_270.png 20 15 214 -108 -106
20-13_fl.png 20 15 214 -108 -106
21-2.png 0 20 3 -89 86
21-2_90.png 0 20 3 -89 86
21-2_180.png 0 20 3 -89 86
21-2_270.png 0 20 3 -89 86
21-2_fl.png 0 20 3 -89 86
21-3.png 0 20 2 -122 120
21-3_90.png 0 20 2 -122 120
21-3_180.png 0 20 2 -122 120
21-3_270.png 0 20 2 -122 120
21-3_fl.png 0 20 2 -122 120
21-6.png 0 20 23 -101 78
21-6_90.png 0 20 23 -101 78
21-6_180.png 0 20 23 -101 78
21-6_270.png 0 20 23 -101 78
21-6_fl.png 0 20 23 -101 78
21-9.png 0 20 13 -115 102
21-9_90.png 0 20 13 -115 102
21-9_180.png 0 20 13 -115 102
21-9_270.png 0 20 13 -115 102
21-9_fl.png 0 20 13 -115 102
21-11.png 0 20 16 -96 80
21-11_90.png 0 20 16 -96 80
21-11_180.png 0 20 16 -96 80
21-11_270.png 0 20 16 -96 80
21-11_fl.png 0 20 16 -96 80
22-1.png 5 20 47 -79 32
22-1_90.png 5 20 47 -79 32
22-1_180.png 5 20 47 -79 32
22-1_270.png 5 20 47 -79 32
22-1_fl.png 5 20 47 -79 32
22-11.png 5 20 55 -98 43
22-11_90.png 5 20 55 -98 43
22-11_180.png 5 20 55 -98 43
22-11_270.png 5 20 55 -98 43
22-11_fl.png 5 20 55 -98 43
22-12.png 5 20 63 -107 44
22-12_90.png 5 20 63 -107 44
22-12_180.png 5 20 63 -107 44
22-12_270.png 5 20 63 -107 44
22-12_fl.png 5 20 63 -107 44
22-13.png 5 20 58 -111 53
22-13_90.png 5 20 58 -111 53
22-13_180.png 5 20 58 -111 53
22-13_270.png 5 20 58 -111 53
22-13_fl.png 5 20 58 -111 53
22-14.png 5 20 71 -105 34
22-14_90.png 5 20 71 -105 34
22-14_180.png 5 20 71 -105 34
22-14_270.png 5 20 71 -105 34
22-14_fl.png 5 20 71 -105 34
24-1.png 15 20 205 -161 -44
24-1_90.png 15 20 205 -161 -44
24-1_180.png 15 20 205 -161 -44
24-1_270.png 15 20 205 -161 -44
24-1_fl.png 15 20 205 -161 -44
24-8.png 15 20 233 -179 -54
24-8_90.png 15 20 233 -179 -54
24-8_180.png 15 20 233 -179 -54
24-8_270.png 15 20 233 -179 -54
24-8_fl.png 15 20 233 -179 -54
24-10.png 15 20 212 -169 -43
24-10_90.png 15 20 212 -169 -43
24-10_180.png 15 20 212 -169 -43
24-10_270.png 15 20 212 -169 -43
24-10_fl.png 15 20 212 -169 -43
24-12.png 15 20 206 -155 -51
24-12_90.png 15 20 206 -155 -51
24-12_180.png 15 20 206 -155 -51
24-12_270.png 15 20 206 -155 -51
24-12_fl.png 15 20 206 -155 -51
24-13.png 15 20 232 -173 -59
24-13_90.png 15 20 232 -173 -59
24-13_180.png 15 20 232 -173 -59
24-13_270.png 15 20 232 -173 -59
24-13_fl.png 15 20 232 -173 -59
25-5.png 20 20 321 -197 -124
25-5_90.png 20 20 321 -197 -124
25-5_180.png 20 20 321 -197 -124
25-5_270.png 20 20 321 -197 -124
25-5_fl.png 20 20 321 -197 -124
25-6.png 20 20 301 -198 -103
25-6_90.png 20 20 301 -198 -103
25-6_180.png 20 20 301 -198 -103
25-6_270.png 20 20 301 -198 -103
25-6_fl.png 20 20 301 -198 -103
25-7.png 20 20 293 -196 -97
25-7_90.png 20 20 293 -196 -97
25-7_180.png 20 20 293 -196 -97
25-7_270.png 20 20 293 -196 -97
25-7_fl.png 20 20 293 -196 -97
25-12.png 20 20 300 -203 -97
25-12_90.png 20 20 300 -203 -97
25-12_180.png 20 20 300 -203 -97
25-12_270.png 20 20 300 -203 -97
25-12_fl.png 20 20 300 -203 -97
25-14.png 20 20 311 -200 -111
25-14_90.png 20 20 311 -200 -111
25-14_180.png 20 20 311 -200 -111
25-14_270.png 20 20 311 -200 -111
25-14_fl.png 20 20 311 -200 -111
