1-2.png 0 0 -334 66 268
1-2_90.png 0 0 -334 66 268
1-2_180.png 0 0 -334 66 268
1-2_270.png 0 0 -334 66 268
1-2_fl.png 0 0 -334 66 268
1-3.png 0 0 -341 138 203
1-3_90.png 0 0 -341 138 203
1-3_180.png 0 0 -341 138 203
1-3_270.png 0 0 -341 138 203
1-3_fl.png 0 0 -341 138 203
1-13.png 0 0 -317 115 202
1-13_90.png 0 0 -317 115 202
1-13_180.png 0 0 -317 115 202
1-13_270.png 0 0 -317 115 202
1-13_fl.png 0 0 -317 115 202
1-14.png 0 0 -299 87 212
1-14_90.png 0 0 -299 87 212
1-14_180.png 0 0 -299 87 212
1-14_270.png 0 0 -299 87 212
1-14_fl.png 0 0 -299 87 212
1-15.png 0 0 -343 66 277
1-15_90.png 0 0 -343 66 277
1-15_180.png 0 0 -343 66 277
1-15_270.png 0 0 -343 66 277
1-15_fl.png 0 0 -343 66 277
2-2.png 5 0 -245 119 126
2-2_90.png 5 0 -245 119 126
2-2_180.png 5 0 -245 119 126
2-2_270.png 5 0 -245 119 126
2-2_fl.png 5 0 -245 119 126
2-3.png 5 0 -235 120 115
2-3_90.png 5 0 -235 120 115
2-3_180.png 5 0 -235 120 115
2-3_270.png 5 0 -235 120 115
2-3_fl.png 5 0 -235 120 115
2-8.png 5 0 -261 152 109
2-8_90.png 5 0 -261 152 109
2-8_180.png 5 0 -261 152 109
2-8_270.png 5 0 -261 152 109
2-8_fl.png 5 0 -261 152 109
2-12.png 5 0 -236 129 107
2-12_90.png 5 0 -236 129 107
2-12_180.png 5 0 -236 129 107
2-12_270.png 5 0 -236 129 107
2-12_fl.png 5 0 -236 129 107
2-15.png 5 0 -253 106 147
2-15_90.png 5 0 -253 106 147
2-15_180.png 5 0 -253 106 147
2-15_270.png 5 0 -253 106 147
2-15_fl.png 5 0 -253 106 147
4-2.png 15 0 -46 168 -122
4-2_90.png 15 0 -46 168 -122
4-2_180.png 15 0 -46 168 -122
4-2_270.png 15 0 -46 168 -122
4-2_fl.png 15 0 -46 168 -122
4-9.png 15 0 -44 170 -126
4-9_90.png 15 0 -44 170 -126
4-9_180.png 15 0 -44 170 -126
4-9_270.png 15 0 -44 170 -126
4-9_fl.png 15 0 -44 170 -126
4-12.png 15 0 -51 170 -119
4-12_90.png 15 0 -51 170 -119
4-12_180.png 15 0 -51 170 -119
4-12_270.png 15 0 -51 170 -119
4-12_fl.png 15 0 -51 170 -119
4-13.png 15 0 -46 157 -111
4-13_90.png 15 0 -46 157 -111
4-13_180.png 15 0 -46 157 -111
4-13_270.png 15 0 -46 157 -111
4-13_fl.png 15 0 -46 157 -111
4-15.png 15 0 -41 161 -120
4-15_90.png 15 0 -41 161 -120
4-15_180.png 15 0 -41 161 -120
4-15_270.png 15 0 -41 161 -120
4-15_fl.png 15 0 -41 161 -120
5-4.png 20 0 46 191 -237
5-4_90.png 20 0 46 191 -237
5-4_180.png 20 0 46 191 -237
5-4_270.png 20 0 46 191 -237
5-4_fl.png 20 0 46 191 -237
5-10.png 20 0 -4 202 -198
5-10_90.png 20 0 -4 202 -198
5-10_180.png 20 0 -4 202 -198
5-10_270.png 20 0 -4 202 -198
5-10_fl.png 20 0 -4 202 -198
5-12.png 20 0 11 202 -213
5-12_90.png 20 0 11 202 -213
5-12_180.png 20 0 11 202 -213
5-12_270.png 20 0 11 202 -213
5-12_fl.png 20 0 11 202 -213
5-13.png 20 0 49 235 -284
5-13_90.png 20 0 49 235 -284
5-13_180.png 20 0 49 235 -284
5-13_270.png 20 0 49 235 -284
5-13_fl.png 20 0 49 235 -284
5-15.png 20 0 -6 212 -206
5-15_90.png 20 0 -6 212 -206
5-15_180.png 20 0 -6 212 -206
5-15_270.png 20 0 -6 212 -206
5-15_fl.png 20 0 -6 212 -206
6-3.png 0 5 -231 52 179
6-3_90.png 0 5 -231 52 179
6-3_180.png 0 5 -231 52 179
6-3_270.png 0 5 -231 52 179
6-3_fl.png 0 5 -231 52 179
6-7.png 0 5 -219 33 186
6-7_90.png 0 5 -219 33 186
6-7_180.png 0 5 -219 33 186
6-7_270.png 0 5 -219 33 186
6-7_fl.png 0 5 -219 33 186
6-10.png 0 5 -205 25 180
6-10_90.png 0 5 -205 25 180
6-10_180.png 0 5 -205 25 180
6-10_270.png 0 5 -205 25 180
6-10_fl.png 0 5 -205 25 180
6-12.png 0 5 -253 89 164
6-12_90.png 0 5 -253 89 164
6-12_180.png 0 5 -253 89 164
6-12_270.png 0 5 -253 89 164
6-12_fl.png 0 5 -253 89 164
6-14.png 0 5 -2 -155 157
6-14_90.png 0 5 -2 -155 157
6-14_180.png 0 5 -2 -155 157
6-14_270.png 0 5 -2 -155 157
6-14_fl.png 0 5 -2 -155 157
8-4.png 10 5 -55 69 -14
8-4_90.png 10 5 -55 69 -14
8-4_180.png 10 5 -55 69 -14
8-4_270.png 10 5 -55 69 -14
8-4_fl.png 10 5 -55 69 -14
8-8.png 10 5 -63 57 6
8-8_90.png 10 5 -63 57 6
8-8_180.png 10 5 -63 57 6
8-8_270.png 10 5 -63 57 6
8-8_fl.png 10 5 -63 57 6
8-10.png 10 5 -65 58 7
8-10_90.png 10 5 -65 58 7
8-10_180.png 10 5 -65 58 7
8-10_270.png 10 5 -65 58 7
8-10_fl.png 10 5 -65 58 7
8-11.png 10 5 -57 77 -20
8-11_90.png 10 5 -57 77 -20
8-11_180.png 10 5 -57 77 -20
8-11_270.png 10 5 -57 77 -20
8-11_fl.png 10 5 -57 77 -20
8-14.png 10 5 -65 74 -9
8-14_90.png 10 5 -65 74 -9
8-14_180.png 10 5 -65 74 -9
8-14_270.png 10 5 -65 74 -9
8-14_fl.png 10 5 -65 74 -9
9-7.png 15 5 57 62 -119
9-7_90.png 15 5 57 62 -119
9-7_180.png 15 5 57 62 -119
9-7_270.png 15 5 57 62 -119
9-7_fl.png 15 5 57 62 -119
9-9.png 15 5 14 76 -90
9-9_90.png 15 5 14 76 -90
9-9_180.png 15 5 14 76 -90
9-9_270.png 15 5 14 76 -90
9-9_fl.png 15 5 14 76 -90
9-12.png 15 5 33 78 -111
9-12_90.png 15 5 33 78 -111
9-12_180.png 15 5 33 78 -111
9-12_270.png 15 5 33 78 -111
9-12_fl.png 15 5 33 78 -111
9-13.png 15 5 29 70 -99
9-13_90.png 15 5 29 70 -99
9-13_180.png 15 5 29 70 -99
9-13_270.png 15 5 29 70 -99
9-13_fl.png 15 5 29 70 -99
9-14.png 15 5 29 77 -106
9-14_90.png 15 5 29 77 -106
9-14_180.png 15 5 29 77 -106
9-14_270.png 15 5 29 77 -106
9-14_fl.png 15 5 29 77 -106
10-5.png 20 5 40 159 -199
10-5_90.png 20 5 40 159 -199
10-5_180.png 20 5 40 159 -199
10-5_270.png 20 5 40 159 -199
10-5_fl.png 20 5 40 159 -199
10-10.png 20 5 137 107 -244
10-10_90.png 20 5 137 107 -244
10-10_180.png 20 5 137 107 -244
10-10_270.png 20 5 137 107 -244
10-10_fl.png 20 5 137 107 -244
10-11.png 20 5 68 89 -157
10-11_90.png 20 5 68 89 -157
10-11_180.png 20 5 68 89 -157
10-11_270.png 20 5 68 89 -157
10-11_fl.png 20 5 68 89 -157
10-14.png 20 5 111 108 -219
10-14_90.png 20 5 111 108 -219
10-14_180.png 20 5 111 108 -219
10-14_270.png 20 5 111 108 -219
10-14_fl.png 20 5 111 108 -219
10-15.png 20 5 189 93 -282
10-15_90.png 20 5 189 93 -282
10-15_180.png 20 5 189 93 -282
10-15_270.png 20 5 189 93 -282
10-15_fl.png 20 5 189 93 -282
11-4.png 0 10 -192 54 138
11-4_90.png 0 10 -192 54 138
11-4_180.png 0 10 -192 54 138
11-4_270.png 0 10 -192 54 138
11-4_fl.png 0 10 -192 54 138
11-12.png 0 10 -126 5 121
11-12_90.png 0 10 -126 5 121
11-12_180.png 0 10 -126 5 121
11-12_270.png 0 10 -126 5 121
11-12_fl.png 0 10 -126 5 121
11-13.png 0 10 -151 -29 180
11-13_90.png 0 10 -151 -29 180
11-13_180.png 0 10 -151 -29 180
11-13_270.png 0 10 -151 -29 180
11-13_fl.png 0 10 -151 -29 180
11-14.png 0 10 -118 -15 133
11-14_90.png 0 10 -118 -15 133
11-14_180.png 0 10 -118 -15 133
11-14_270.png 0 10 -118 -15 133
11-14_fl.png 0 10 -118 -15 133
11-15.png 0 10 -148 -1 149
11-15_90.png 0 10 -148 -1 149
11-15_180.png 0 10 -148 -1 149
11-15_270.png 0 10 -148 -1 149
11-15_fl.png 0 10 -148 -1 149
12-5.png 5 10 -77 47 30
12-5_90.png 5 10 -77 47 30
12-5_180.png 5 10 -77 47 30
12-5_270.png 5 10 -77 47 30
12-5_fl.png 5 10 -77 47 30
12-12.png 5 10 -61 -1 62
12-12_90.png 5 10 -61 -1 62
12-12_180.png 5 10 -61 -1 62
12-12_270.png 5 10 -61 -1 62
12-12_fl.png 5 10 -61 -1 62
12-13.png 5 10 -90 8 82
12-13_90.png 5 10 -90 8 82
12-13_180.png 5 10 -90 8 82
12-13_270.png 5 10 -90 8 82
12-13_fl.png 5 10 -90 8 82
12-14.png 5 10 -75 5 70
12-14_90.png 5 10 -75 5 70
12-14_180.png 5 10 -75 5 70
12-14_270.png 5 10 -75 5 70
12-14_fl.png 5 10 -75 5 70
12-15.png 5 10 -77 15 62
12-15_90.png 5 10 -77 15 62
12-15_180.png 5 10 -77 15 62
12-15_270.png 5 10 -77 15 62
12-15_fl.png 5 10 -77 15 62
13-6.png 10 10 14 -6 -8
13-6_90.png 10 10 14 -6 -8
13-6_180.png 10 10 14 -6 -8
13-6_270.png 10 10 14 -6 -8
13-6_fl.png 10 10 14 -6 -8
13-9.png 10 10 2 11 -13
13-9_90.png 10 10 2 11 -13
13-9_180.png 10 10 2 11 -13
13-9_270.png 10 10 2 11 -13
13-9_fl.png 10 10 2 11 -13
13-10.png 10 10 -26 26 0
13-10_90.png 10 10 -26 26 0
13-10_180.png 10 10 -26 26 0
13-10_270.png 10 10 -26 26 0
13-10_fl.png 10 10 -26 26 0
13-11.png 10 10 22 0 -22
13-11_90.png 10 10 22 0 -22
13-11_180.png 10 10 22 0 -22
13-11_270.png 10 10 22 0 -22
13-11_fl.png 10 10 22 0 -22
13-13.png 10 10 -1 12 -11
13-13_90.png 10 10 -1 12 -11
13-13_180.png 10 10 -1 12 -11
13-13_270.png 10 10 -1 12 -11
13-13_fl.png 10 10 -1 12 -11
14-1.png 15 10 91 0 -91
14-1_90.png 15 10 91 0 -91
14-1_180.png 15 10 91 0 -91
14-1_270.png 15 10 91 0 -91
14-1_fl.png 15 10 91 0 -91
14-4.png 15 10 93 0 -93
14-4_90.png 15 10 93 0 -93
14-4_180.png 15 10 93 0 -93
14-4_270.png 15 10 93 0 -93
14-4_fl.png 15 10 93 0 -93
14-8.png 15 10 94 0 -94
14-8_90.png 15 10 94 0 -94
14-8_180.png 15 10 94 0 -94
14-8_270.png 15 10 94 0 -94
14-8_fl.png 15 10 94 0 -94
14-9.png 15 10 74 13 -87
14-9_90.png 15 10 74 13 -87
14-9_180.png 15 10 74 13 -87
14-9_270.png 15 10 74 13 -87
14-9_fl.png 15 10 74 13 -87
14-13.png 15 10 75 0 -75
14-13_90.png 15 10 75 0 -75
14-13_180.png 15 10 75 0 -75
14-13_270.png 15 10 75 0 -75
14-13_fl.png 15 10 75 0 -75
16-4.png 0 15 -59 -57 116
16-4_90.png 0 15 -59 -57 116
16-4_180.png 0 15 -59 -57 116
16-4_270.png 0 15 -59 -57 116
16-4_fl.png 0 15 -59 -57 116
16-6.png 0 15 -54 -47 101
16-6_90.png 0 15 -54 -47 101
16-6_180.png 0 15 -54 -47 101
16-6_270.png 0 15 -54 -47 101
16-6_fl.png 0 15 -54 -47 101
16-8.png 0 15 -65 -44 109
16-8_90.png 0 15 -65 -44 109
16-8_180.png 0 15 -65 -44 109
16-8_270.png 0 15 -65 -44 109
16-8_fl.png 0 15 -65 -44 109
16-9.png 0 15 -55 -53 108
16-9_90.png 0 15 -55 -53 108
16-9_180.png 0 15 -55 -53 108
16-9_270.png 0 15 -55 -53 108
16-9_fl.png 0 15 -55 -53 108
16-12.png 0 15 -58 -49 107
16-12_90.png 0 15 -58 -49 107
16-12_180.png 0 15 -58 -49 107
16-12_270.png 0 15 -58 -49 107
16-12_fl.png 0 15 -58 -49 107
18-3.png 10 15 75 -60 -15
18-3_90.png 10 15 75 -60 -15
18-3_180.png 10 15 75 -60 -15
18-3_270.png 10 15 75 -60 -15
18-3_fl.png 10 15 75 -60 -15
18-4.png 10 15 87 -60 -27
18-4_90.png 10 15 87 -60 -27
18-4_180.png 10 15 87 -60 -27
18-4_270.png 10 15 87 -60 -27
18-4_fl.png 10 15 87 -60 -27
18-6.png 10 15 98 -75 -23
18-6_90.png 10 15 98 -75 -23
18-6_180.png 10 15 98 -75 -23
18-6_270.png 10 15 98 -75 -23
18-6_fl.png 10 15 98 -75 -23
18-11.png 10 15 87 -59 -28
18-11_90.png 10 15 87 -59 -28
18-11_180.png 10 15 87 -59 -28
18-11_270.png 10 15 87 -59 -28
18-11_fl.png 10 15 87 -59 -28
18-12.png 10 15 75 -75 0
18-12_90.png 10 15 75 -75 0
18-12_180.png 10 15 75 -75 0
18-12_270.png 10 15 75 -75 0
18-12_fl.png 10 15 75 -75 0
20-1.png 20 15 102 -116 14
20-1_90.png 20 15 102 -116 14
20-1_180.png 20 15 102 -116 14
20-1_270.png 20 15 102 -116 14
20-1_fl.png 20 15 102 -116 14
20-7.png 20 15 218 -105 -113
20-7_90.png 20 15 218 -105 -113
20-7_180.png 20 15 218 -105 -113
20-7_270.png 20 15 218 -105 -113
20-7_fl.png 20 15 218 -105 -113
20-8.png 20 15 250 -107 -143
20-8_90.png 20 15 250 -107 -143
20-8_180.png 20 15 250 -107 -143
20-8_270.png 20 15 250 -107 -143
20-8_fl.png 20 15 250 -107 -143
20-9.png 20 15 235 -104 -131
20-9_90.png 20 15 235 -104 -131
20-9_180.png 20 15 235 -104 -131
20-9_270.png 20 15 235 -104 -131
20-9_fl.png 20 15 235 -104 -131
20-12.png 20 15 222 -115 -107
20-12_90.png 20 15 222 -115 -107
20-12_180.png 20 15 222 -115 -107
20-12_270.png 20 15 222 -115 -107
20-12_fl.png 20 15 222 -115 -107
21-3.png 0 20 2 -122 120
21-3_90.png 0 20 2 -122 120
21-3_180.png 0 20 2 -122 120
21-3_270.png 0 20 2 -122 120
21-3_fl.png 0 20 2 -122 120
21-7.png 0 20 20 -94 74
21-7_90.png 0 20 20 -94 74
21-7_180.png 0 20 20 -94 74
21-7_270.png 0 20 20 -94 74
21-7_fl.png 0 20 20 -94 74
21-8.png 0 20 11 -84 73
21-8_90.png 0 20 11 -84 73
21-8_180.png 0 20 11 -84 73
21-8_270.png 0 20 11 -84 73
21-8_fl.png 0 20 11 -84 73
21-9.png 0 20 13 -115 102
21-9_90.png 0 20 13 -115 102
21-9_180.png 0 20 13 -115 102
21-9_270.png 0 20 13 -115 102
21-9_fl.png 0 20 13 -115 102
21-11.png 0 20 16 -96 80
21-11_90.png 0 20 16 -96 80
21-11_180.png 0 20 16 -96 80
21-11_270.png 0 20 16 -96 80
21-11_fl.png 0 20 16 -96 80
22-1.png 5 20 47 -79 32
22-1_90.png 5 20 47 -79 32
22-1_180.png 5 20 47 -79 32
22-1_270.png 5 20 47 -79 32
22-1_fl.png 5 20 47 -79 32
22-5.png 5 20 58 -103 45
22-5_90.png 5 20 58 -103 45
22-5_180.png 5 20 58 -103 45
22-5_270.png 5 20 58 -103 45
22-5_fl.png 5 20 58 -103 45
22-6.png 5 20 78 -110 32
22-6_90.png 5 20 78 -110 32
22-6_180.png 5 20 78 -110 32
22-6_270.png 5 20 78 -110 32
22-6_fl.png 5 20 78 -110 32
22-8.png 5 20 72 -102 30
22-8_90.png 5 20 72 -102 30
22-8_180.png 5 20 72 -102 30
22-8_270.png 5 20 72 -102 30
22-8_fl.png 5 20 72 -102 30
22-13.png 5 20 58 -111 53
22-13_90.png 5 20 58 -111 53
22-13_180.png 5 20 58 -111 53
22-13_270.png 5 20 58 -111 53
22-13_fl.png 5 20 58 -111 53
24-2.png 15 20 200 -149 -51
24-2_90.png 15 20 200 -149 -51
24-2_180.png 15 20 200 -149 -51
24-2_270.png 15 20 200 -149 -51
24-2_fl.png 15 20 200 -149 -51
24-3.png 15 20 214 -165 -49
24-3_90.png 15 20 214 -165 -49
24-3_180.png 15 20 214 -165 -49
24-3_270.png 15 20 214 -165 -49
24-3_fl.png 15 20 214 -165 -49
24-9.png 15 20 263 -154 -109
24-9_90.png 15 20 263 -154 -109
24-9_180.png 15 20 263 -154 -109
24-9_270.png 15 20 263 -154 -109
24-9_fl.png 15 20 263 -154 -109
24-11.png 15 20 242 -150 -92
24-11_90.png 15 20 242 -150 -92
24-11_180.png 15 20 242 -150 -92
24-11_270.png 15 20 242 -150 -92
24-11_fl.png 15 20 242 -150 -92
24-15.png 15 20 250 -152 -98
24-15_90.png 15 20 250 -152 -98
24-15_180.png 15 20 250 -152 -98
24-15_270.png 15 20 250 -152 -98
24-15_fl.png 15 20 250 -152 -98
25-4.png 20 20 295 -190 -105
25-4_90.png 20 20 295 -190 -105
25-4_180.png 20 20 295 -190 -105
25-4_270.png 20 20 295 -190 -105
25-4_fl.png 20 20 295 -190 -105
25-5.png 20 20 321 -197 -124
25-5_90.png 20 20 321 -197 -124
25-5_180.png 20 20 321 -197 -124
25-5_270.png 20 20 321 -197 -124
25-5_fl.png 20 20 321 -197 -124
25-10.png 20 20 283 -194 -89
25-10_90.png 20 20 283 -194 -89
25-10_180.png 20 20 283 -194 -89
25-10_270.png 20 20 283 -194 -89
25-10_fl.png 20 20 283 -194 -89
25-12.png 20 20 300 -203 -97
25-12_90.png 20 20 300 -203 -97
25-12_180.png 20 20 300 -203 -97
25-12_270.png 20 20 300 -203 -97
25-12_fl.png 20 20 300 -203 -97
25-13.png 20 20 318 -202 -116
25-13_90.png 20 20 318 -202 -116
25-13_180.png 20 20 318 -202 -116
25-13_270.png 20 20 318 -202 -116
25-13_fl.png 20 20 318 -202 -116
