1-1.png 0 0 -348 137 211
1-1_90.png 0 0 -348 137 211
1-1_180.png 0 0 -348 137 211
1-1_270.png 0 0 -348 137 211
1-1_fl.png 0 0 -348 137 211
1-2.png 0 0 -334 66 268
1-2_90.png 0 0 -334 66 268
1-2_180.png 0 0 -334 66 268
1-2_270.png 0 0 -334 66 268
1-2_fl.png 0 0 -334 66 268
1-3.png 0 0 -341 138 203
1-3_90.png 0 0 -341 138 203
1-3_180.png 0 0 -341 138 203
1-3_270.png 0 0 -341 138 203
1-3_fl.png 0 0 -341 138 203
1-4.png 0 0 -327 146 181
1-4_90.png 0 0 -327 146 181
1-4_180.png 0 0 -327 146 181
1-4_270.png 0 0 -327 146 181
1-4_fl.png 0 0 -327 146 181
1-5.png 0 0 -377 156 221
1-5_90.png 0 0 -377 156 221
1-5_180.png 0 0 -377 156 221
1-5_270.png 0 0 -377 156 221
1-5_fl.png 0 0 -377 156 221
1-6.png 0 0 -346 143 203
1-6_90.png 0 0 -346 143 203
1-6_180.png 0 0 -346 143 203
1-6_270.png 0 0 -346 143 203
1-6_fl.png 0 0 -346 143 203
1-7.png 0 0 -318 96 222
1-7_90.png 0 0 -318 96 222
1-7_180.png 0 0 -318 96 222
1-7_270.png 0 0 -318 96 222
1-7_fl.png 0 0 -318 96 222
1-8.png 0 0 -331 0 331
1-8_90.png 0 0 -331 0 331
1-8_180.png 0 0 -331 0 331
1-8_270.png 0 0 -331 0 331
1-8_fl.png 0 0 -331 0 331
1-9.png 0 0 -145 -59 204
1-9_90.png 0 0 -145 -59 204
1-9_180.png 0 0 -145 -59 204
1-9_270.png 0 0 -145 -59 204
1-9_fl.png 0 0 -145 -59 204
1-10.png 0 0 -319 285 34
1-10_90.png 0 0 -319 285 34
1-10_180.png 0 0 -319 285 34
1-10_270.png 0 0 -319 285 34
1-10_fl.png 0 0 -319 285 34
1-11.png 0 0 -174 -93 267
1-11_90.png 0 0 -174 -93 267
1-11_180.png 0 0 -174 -93 267
1-11_270.png 0 0 -174 -93 267
1-11_fl.png 0 0 -174 -93 267
1-12.png 0 0 -329 56 273
1-12_90.png 0 0 -329 56 273
1-12_180.png 0 0 -329 56 273
1-12_270.png 0 0 -329 56 273
1-12_fl.png 0 0 -329 56 273
1-13.png 0 0 -317 115 202
1-13_90.png 0 0 -317 115 202
1-13_180.png 0 0 -317 115 202
1-13_270.png 0 0 -317 115 202
1-13_fl.png 0 0 -317 115 202
1-14.png 0 0 -299 87 212
1-14_90.png 0 0 -299 87 212
1-14_180.png 0 0 -299 87 212
1-14_270.png 0 0 -299 87 212
1-14_fl.png 0 0 -299 87 212
1-15.png 0 0 -343 66 277
1-15_90.png 0 0 -343 66 277
1-15_180.png 0 0 -343 66 277
1-15_270.png 0 0 -343 66 277
1-15_fl.png 0 0 -343 66 277
3-1.png 10 0 -138 120 18
3-1_90.png 10 0 -138 120 18
3-1_180.png 10 0 -138 120 18
3-1_270.png 10 0 -138 120 18
3-1_fl.png 10 0 -138 120 18
3-2.png 10 0 -158 158 0
3-2_90.png 10 0 -158 158 0
3-2_180.png 10 0 -158 158 0
3-2_270.png 10 0 -158 158 0
3-2_fl.png 10 0 -158 158 0
3-3.png 10 0 -173 173 0
3-3_90.png 10 0 -173 173 0
3-3_180.png 10 0 -173 173 0
3-3_270.png 10 0 -173 173 0
3-3_fl.png 10 0 -173 173 0
3-4.png 10 0 -139 154 -15
3-4_90.png 10 0 -139 154 -15
3-4_180.png 10 0 -139 154 -15
3-4_270.png 10 0 -139 154 -15
3-4_fl.png 10 0 -139 154 -15
3-5.png 10 0 -131 137 -6
3-5_90.png 10 0 -131 137 -6
3-5_180.png 10 0 -131 137 -6
3-5_270.png 10 0 -131 137 -6
3-5_fl.png 10 0 -131 137 -6
3-6.png 10 0 -124 138 -14
3-6_90.png 10 0 -124 138 -14
3-6_180.png 10 0 -124 138 -14
3-6_270.png 10 0 -124 138 -14
3-6_fl.png 10 0 -124 138 -14
3-7.png 10 0 -141 151 -10
3-7_90.png 10 0 -141 151 -10
3-7_180.png 10 0 -141 151 -10
3-7_270.png 10 0 -141 151 -10
3-7_fl.png 10 0 -141 151 -10
3-8.png 10 0 -143 159 -16
3-8_90.png 10 0 -143 159 -16
3-8_180.png 10 0 -143 159 -16
3-8_270.png 10 0 -143 159 -16
3-8_fl.png 10 0 -143 159 -16
3-9.png 10 0 -138 147 -9
3-9_90.png 10 0 -138 147 -9
3-9_180.png 10 0 -138 147 -9
3-9_270.png 10 0 -138 147 -9
3-9_fl.png 10 0 -138 147 -9
3-10.png 10 0 -57 141 -84
3-10_90.png 10 0 -57 141 -84
3-10_180.png 10 0 -57 141 -84
3-10_270.png 10 0 -57 141 -84
3-10_fl.png 10 0 -57 141 -84
3-11.png 10 0 -143 159 -16
3-11_90.png 10 0 -143 159 -16
3-11_180.png 10 0 -143 159 -16
3-11_270.png 10 0 -143 159 -16
3-11_fl.png 10 0 -143 159 -16
3-12.png 10 0 -158 153 5
3-12_90.png 10 0 -158 153 5
3-12_180.png 10 0 -158 153 5
3-12_270.png 10 0 -158 153 5
3-12_fl.png 10 0 -158 153 5
3-13.png 10 0 -113 139 -26
3-13_90.png 10 0 -113 139 -26
3-13_180.png 10 0 -113 139 -26
3-13_270.png 10 0 -113 139 -26
3-13_fl.png 10 0 -113 139 -26
3-14.png 10 0 -117 139 -22
3-14_90.png 10 0 -117 139 -22
3-14_180.png 10 0 -117 139 -22
3-14_270.png 10 0 -117 139 -22
3-14_fl.png 10 0 -117 139 -22
3-15.png 10 0 -118 139 -21
3-15_90.png 10 0 -118 139 -21
3-15_180.png 10 0 -118 139 -21
3-15_270.png 10 0 -118 139 -21
3-15_fl.png 10 0 -118 139 -21
4-1.png 15 0 -36 174 -138
4-1_90.png 15 0 -36 174 -138
4-1_180.png 15 0 -36 174 -138
4-1_270.png 15 0 -36 174 -138
4-1_fl.png 15 0 -36 174 -138
4-2.png 15 0 -46 168 -122
4-2_90.png 15 0 -46 168 -122
4-2_180.png 15 0 -46 168 -122
4-2_270.png 15 0 -46 168 -122
4-2_fl.png 15 0 -46 168 -122
4-3.png 15 0 -11 197 -186
4-3_90.png 15 0 -11 197 -186
4-3_180.png 15 0 -11 197 -186
4-3_270.png 15 0 -11 197 -186
4-3_fl.png 15 0 -11 197 -186
4-4.png 15 0 -36 172 -136
4-4_90.png 15 0 -36 172 -136
4-4_180.png 15 0 -36 172 -136
4-4_270.png 15 0 -36 172 -136
4-4_fl.png 15 0 -36 172 -136
4-5.png 15 0 -65 174 -109
4-5_90.png 15 0 -65 174 -109
4-5_180.png 15 0 -65 174 -109
4-5_270.png 15 0 -65 174 -109
4-5_fl.png 15 0 -65 174 -109
4-6.png 15 0 -72 199 -127
4-6_90.png 15 0 -72 199 -127
4-6_180.png 15 0 -72 199 -127
4-6_270.png 15 0 -72 199 -127
4-6_fl.png 15 0 -72 199 -127
4-7.png 15 0 -64 172 -108
4-7_90.png 15 0 -64 172 -108
4-7_180.png 15 0 -64 172 -108
4-7_270.png 15 0 -64 172 -108
4-7_fl.png 15 0 -64 172 -108
4-8.png 15 0 -38 170 -132
4-8_90.png 15 0 -38 170 -132
4-8_180.png 15 0 -38 170 -132
4-8_270.png 15 0 -38 170 -132
4-8_fl.png 15 0 -38 170 -132
4-9.png 15 0 -44 170 -126
4-9_90.png 15 0 -44 170 -126
4-9_180.png 15 0 -44 170 -126
4-9_270.png 15 0 -44 170 -126
4-9_fl.png 15 0 -44 170 -126
4-10.png 15 0 -31 147 -116
4-10_90.png 15 0 -31 147 -116
4-10_180.png 15 0 -31 147 -116
4-10_270.png 15 0 -31 147 -116
4-10_fl.png 15 0 -31 147 -116
4-11.png 15 0 -44 150 -106
4-11_90.png 15 0 -44 150 -106
4-11_180.png 15 0 -44 150 -106
4-11_270.png 15 0 -44 150 -106
4-11_fl.png 15 0 -44 150 -106
4-12.png 15 0 -51 170 -119
4-12_90.png 15 0 -51 170 -119
4-12_180.png 15 0 -51 170 -119
4-12_270.png 15 0 -51 170 -119
4-12_fl.png 15 0 -51 170 -119
4-13.png 15 0 -46 157 -111
4-13_90.png 15 0 -46 157 -111
4-13_180.png 15 0 -46 157 -111
4-13_270.png 15 0 -46 157 -111
4-13_fl.png 15 0 -46 157 -111
4-14.png 15 0 -50 166 -116
4-14_90.png 15 0 -50 166 -116
4-14_180.png 15 0 -50 166 -116
4-14_270.png 15 0 -50 166 -116
4-14_fl.png 15 0 -50 166 -116
4-15.png 15 0 -41 161 -120
4-15_90.png 15 0 -41 161 -120
4-15_180.png 15 0 -41 161 -120
4-15_270.png 15 0 -41 161 -120
4-15_fl.png 15 0 -41 161 -120
5-1.png 20 0 81 190 -271
5-1_90.png 20 0 81 190 -271
5-1_180.png 20 0 81 190 -271
5-1_270.png 20 0 81 190 -271
5-1_fl.png 20 0 81 190 -271
5-2.png 20 0 73 178 -251
5-2_90.png 20 0 73 178 -251
5-2_180.png 20 0 73 178 -251
5-2_270.png 20 0 73 178 -251
5-2_fl.png 20 0 73 178 -251
5-3.png 20 0 58 202 -260
5-3_90.png 20 0 58 202 -260
5-3_180.png 20 0 58 202 -260
5-3_270.png 20 0 58 202 -260
5-3_fl.png 20 0 58 202 -260
5-4.png 20 0 46 191 -237
5-4_90.png 20 0 46 191 -237
5-4_180.png 20 0 46 191 -237
5-4_270.png 20 0 46 191 -237
5-4_fl.png 20 0 46 191 -237
5-5.png 20 0 54 201 -255
5-5_90.png 20 0 54 201 -255
5-5_180.png 20 0 54 201 -255
5-5_270.png 20 0 54 201 -255
5-5_fl.png 20 0 54 201 -255
5-6.png 20 0 36 199 -235
5-6_90.png 20 0 36 199 -235
5-6_180.png 20 0 36 199 -235
5-6_270.png 20 0 36 199 -235
5-6_fl.png 20 0 36 199 -235
5-7.png 20 0 36 205 -241
5-7_90.png 20 0 36 205 -241
5-7_180.png 20 0 36 205 -241
5-7_270.png 20 0 36 205 -241
5-7_fl.png 20 0 36 205 -241
5-8.png 20 0 36 202 -238
5-8_90.png 20 0 36 202 -238
5-8_180.png 20 0 36 202 -238
5-8_270.png 20 0 36 202 -238
5-8_fl.png 20 0 36 202 -238
5-9.png 20 0 2 200 -202
5-9_90.png 20 0 2 200 -202
5-9_180.png 20 0 2 200 -202
5-9_270.png 20 0 2 200 -202
5-9_fl.png 20 0 2 200 -202
5-10.png 20 0 -4 202 -198
5-10_90.png 20 0 -4 202 -198
5-10_180.png 20 0 -4 202 -198
5-10_270.png 20 0 -4 202 -198
5-10_fl.png 20 0 -4 202 -198
5-11.png 20 0 0 213 -213
5-11_90.png 20 0 0 213 -213
5-11_180.png 20 0 0 213 -213
5-11_270.png 20 0 0 213 -213
5-11_fl.png 20 0 0 213 -213
5-12.png 20 0 11 202 -213
5-12_90.png 20 0 11 202 -213
5-12_180.png 20 0 11 202 -213
5-12_270.png 20 0 11 202 -213
5-12_fl.png 20 0 11 202 -213
5-13.png 20 0 49 235 -284
5-13_90.png 20 0 49 235 -284
5-13_180.png 20 0 49 235 -284
5-13_270.png 20 0 49 235 -284
5-13_fl.png 20 0 49 235 -284
5-14.png 20 0 20 202 -222
5-14_90.png 20 0 20 202 -222
5-14_180.png 20 0 20 202 -222
5-14_270.png 20 0 20 202 -222
5-14_fl.png 20 0 20 202 -222
5-15.png 20 0 -6 212 -206
5-15_90.png 20 0 -6 212 -206
5-15_180.png 20 0 -6 212 -206
5-15_270.png 20 0 -6 212 -206
5-15_fl.png 20 0 -6 212 -206
6-1.png 0 5 -285 89 196
6-1_90.png 0 5 -285 89 196
6-1_180.png 0 5 -285 89 196
6-1_270.png 0 5 -285 89 196
6-1_fl.png 0 5 -285 89 196
6-2.png 0 5 -297 133 164
6-2_90.png 0 5 -297 133 164
6-2_180.png 0 5 -297 133 164
6-2_270.png 0 5 -297 133 164
6-2_fl.png 0 5 -297 133 164
6-3.png 0 5 -231 52 179
6-3_90.png 0 5 -231 52 179
6-3_180.png 0 5 -231 52 179
6-3_270.png 0 5 -231 52 179
6-3_fl.png 0 5 -231 52 179
6-4.png 0 5 -218 162 56
6-4_90.png 0 5 -218 162 56
6-4_180.png 0 5 -218 162 56
6-4_270.png 0 5 -218 162 56
6-4_fl.png 0 5 -218 162 56
6-5.png 0 5 -222 57 165
6-5_90.png 0 5 -222 57 165
6-5_180.png 0 5 -222 57 165
6-5_270.png 0 5 -222 57 165
6-5_fl.png 0 5 -222 57 165
6-6.png 0 5 -247 83 164
6-6_90.png 0 5 -247 83 164
6-6_180.png 0 5 -247 83 164
6-6_270.png 0 5 -247 83 164
6-6_fl.png 0 5 -247 83 164
6-7.png 0 5 -219 33 186
6-7_90.png 0 5 -219 33 186
6-7_180.png 0 5 -219 33 186
6-7_270.png 0 5 -219 33 186
6-7_fl.png 0 5 -219 33 186
6-8.png 0 5 -205 47 158
6-8_90.png 0 5 -205 47 158
6-8_180.png 0 5 -205 47 158
6-8_270.png 0 5 -205 47 158
6-8_fl.png 0 5 -205 47 158
6-9.png 0 5 -221 56 165
6-9_90.png 0 5 -221 56 165
6-9_180.png 0 5 -221 56 165
6-9_270.png 0 5 -221 56 165
6-9_fl.png 0 5 -221 56 165
6-10.png 0 5 -205 25 180
6-10_90.png 0 5 -205 25 180
6-10_180.png 0 5 -205 25 180
6-10_270.png 0 5 -205 25 180
6-10_fl.png 0 5 -205 25 180
6-11.png 0 5 -251 11 240
6-11_90.png 0 5 -251 11 240
6-11_180.png 0 5 -251 11 240
6-11_270.png 0 5 -251 11 240
6-11_fl.png 0 5 -251 11 240
6-12.png 0 5 -253 89 164
6-12_90.png 0 5 -253 89 164
6-12_180.png 0 5 -253 89 164
6-12_270.png 0 5 -253 89 164
6-12_fl.png 0 5 -253 89 164
6-13.png 0 5 -246 64 182
6-13_90.png 0 5 -246 64 182
6-13_180.png 0 5 -246 64 182
6-13_270.png 0 5 -246 64 182
6-13_fl.png 0 5 -246 64 182
6-14.png 0 5 -2 -155 157
6-14_90.png 0 5 -2 -155 157
6-14_180.png 0 5 -2 -155 157
6-14_270.png 0 5 -2 -155 157
6-14_fl.png 0 5 -2 -155 157
6-15.png 0 5 -212 47 165
6-15_90.png 0 5 -212 47 165
6-15_180.png 0 5 -212 47 165
6-15_270.png 0 5 -212 47 165
6-15_fl.png 0 5 -212 47 165
7-1.png 5 5 -140 66 74
7-1_90.png 5 5 -140 66 74
7-1_180.png 5 5 -140 66 74
7-1_270.png 5 5 -140 66 74
7-1_fl.png 5 5 -140 66 74
7-2.png 5 5 -138 40 98
7-2_90.png 5 5 -138 40 98
7-2_180.png 5 5 -138 40 98
7-2_270.png 5 5 -138 40 98
7-2_fl.png 5 5 -138 40 98
7-3.png 5 5 -158 65 93
7-3_90.png 5 5 -158 65 93
7-3_180.png 5 5 -158 65 93
7-3_270.png 5 5 -158 65 93
7-3_fl.png 5 5 -158 65 93
7-4.png 5 5 -154 56 98
7-4_90.png 5 5 -154 56 98
7-4_180.png 5 5 -154 56 98
7-4_270.png 5 5 -154 56 98
7-4_fl.png 5 5 -154 56 98
7-5.png 5 5 -170 79 91
7-5_90.png 5 5 -170 79 91
7-5_180.png 5 5 -170 79 91
7-5_270.png 5 5 -170 79 91
7-5_fl.png 5 5 -170 79 91
7-6.png 5 5 -186 74 112
7-6_90.png 5 5 -186 74 112
7-6_180.png 5 5 -186 74 112
7-6_270.png 5 5 -186 74 112
7-6_fl.png 5 5 -186 74 112
7-7.png 5 5 -170 79 91
7-7_90.png 5 5 -170 79 91
7-7_180.png 5 5 -170 79 91
7-7_270.png 5 5 -170 79 91
7-7_fl.png 5 5 -170 79 91
7-8.png 5 5 -172 41 131
7-8_90.png 5 5 -172 41 131
7-8_180.png 5 5 -172 41 131
7-8_270.png 5 5 -172 41 131
7-8_fl.png 5 5 -172 41 131
7-9.png 5 5 -170 92 78
7-9_90.png 5 5 -170 92 78
7-9_180.png 5 5 -170 92 78
7-9_270.png 5 5 -170 92 78
7-9_fl.png 5 5 -170 92 78
7-10.png 5 5 -157 68 89
7-10_90.png 5 5 -157 68 89
7-10_180.png 5 5 -157 68 89
7-10_270.png 5 5 -157 68 89
7-10_fl.png 5 5 -157 68 89
7-11.png 5 5 -157 40 117
7-11_90.png 5 5 -157 40 117
7-11_180.png 5 5 -157 40 117
7-11_270.png 5 5 -157 40 117
7-11_fl.png 5 5 -157 40 117
7-12.png 5 5 -158 67 91
7-12_90.png 5 5 -158 67 91
7-12_180.png 5 5 -158 67 91
7-12_270.png 5 5 -158 67 91
7-12_fl.png 5 5 -158 67 91
7-13.png 5 5 -148 50 98
7-13_90.png 5 5 -148 50 98
7-13_180.png 5 5 -148 50 98
7-13_270.png 5 5 -148 50 98
7-13_fl.png 5 5 -148 50 98
7-14.png 5 5 -150 55 95
7-14_90.png 5 5 -150 55 95
7-14_180.png 5 5 -150 55 95
7-14_270.png 5 5 -150 55 95
7-14_fl.png 5 5 -150 55 95
7-15.png 5 5 -139 48 91
7-15_90.png 5 5 -139 48 91
7-15_180.png 5 5 -139 48 91
7-15_270.png 5 5 -139 48 91
7-15_fl.png 5 5 -139 48 91
9-1.png 15 5 56 72 -128
9-1_90.png 15 5 56 72 -128
9-1_180.png 15 5 56 72 -128
9-1_270.png 15 5 56 72 -128
9-1_fl.png 15 5 56 72 -128
9-2.png 15 5 19 72 -91
9-2_90.png 15 5 19 72 -91
9-2_180.png 15 5 19 72 -91
9-2_270.png 15 5 19 72 -91
9-2_fl.png 15 5 19 72 -91
9-3.png 15 5 21 80 -101
9-3_90.png 15 5 21 80 -101
9-3_180.png 15 5 21 80 -101
9-3_270.png 15 5 21 80 -101
9-3_fl.png 15 5 21 80 -101
9-4.png 15 5 -6 99 -93
9-4_90.png 15 5 -6 99 -93
9-4_180.png 15 5 -6 99 -93
9-4_270.png 15 5 -6 99 -93
9-4_fl.png 15 5 -6 99 -93
9-5.png 15 5 33 91 -124
9-5_90.png 15 5 33 91 -124
9-5_180.png 15 5 33 91 -124
9-5_270.png 15 5 33 91 -124
9-5_fl.png 15 5 33 91 -124
9-6.png 15 5 9 76 -85
9-6_90.png 15 5 9 76 -85
9-6_180.png 15 5 9 76 -85
9-6_270.png 15 5 9 76 -85
9-6_fl.png 15 5 9 76 -85
9-7.png 15 5 57 62 -119
9-7_90.png 15 5 57 62 -119
9-7_180.png 15 5 57 62 -119
9-7_270.png 15 5 57 62 -119
9-7_fl.png 15 5 57 62 -119
9-8.png 15 5 33 71 -104
9-8_90.png 15 5 33 71 -104
9-8_180.png 15 5 33 71 -104
9-8_270.png 15 5 33 71 -104
9-8_fl.png 15 5 33 71 -104
9-9.png 15 5 14 76 -90
9-9_90.png 15 5 14 76 -90
9-9_180.png 15 5 14 76 -90
9-9_270.png 15 5 14 76 -90
9-9_fl.png 15 5 14 76 -90
9-10.png 15 5 2 88 -90
9-10_90.png 15 5 2 88 -90
9-10_180.png 15 5 2 88 -90
9-10_270.png 15 5 2 88 -90
9-10_fl.png 15 5 2 88 -90
9-11.png 15 5 32 92 -124
9-11_90.png 15 5 32 92 -124
9-11_180.png 15 5 32 92 -124
9-11_270.png 15 5 32 92 -124
9-11_fl.png 15 5 32 92 -124
9-12.png 15 5 33 78 -111
9-12_90.png 15 5 33 78 -111
9-12_180.png 15 5 33 78 -111
9-12_270.png 15 5 33 78 -111
9-12_fl.png 15 5 33 78 -111
9-13.png 15 5 29 70 -99
9-13_90.png 15 5 29 70 -99
9-13_180.png 15 5 29 70 -99
9-13_270.png 15 5 29 70 -99
9-13_fl.png 15 5 29 70 -99
9-14.png 15 5 29 77 -106
9-14_90.png 15 5 29 77 -106
9-14_180.png 15 5 29 77 -106
9-14_270.png 15 5 29 77 -106
9-14_fl.png 15 5 29 77 -106
9-15.png 15 5 30 66 -96
9-15_90.png 15 5 30 66 -96
9-15_180.png 15 5 30 66 -96
9-15_270.png 15 5 30 66 -96
9-15_fl.png 15 5 30 66 -96
10-1.png 20 5 69 97 -166
10-1_90.png 20 5 69 97 -166
10-1_180.png 20 5 69 97 -166
10-1_270.png 20 5 69 97 -166
10-1_fl.png 20 5 69 97 -166
10-2.png 20 5 91 93 -184
10-2_90.png 20 5 91 93 -184
10-2_180.png 20 5 91 93 -184
10-2_270.png 20 5 91 93 -184
10-2_fl.png 20 5 91 93 -184
10-3.png 20 5 168 101 -269
10-3_90.png 20 5 168 101 -269
10-3_180.png 20 5 168 101 -269
10-3_270.png 20 5 168 101 -269
10-3_fl.png 20 5 168 101 -269
10-4.png 20 5 159 76 -235
10-4_90.png 20 5 159 76 -235
10-4_180.png 20 5 159 76 -235
10-4_270.png 20 5 159 76 -235
10-4_fl.png 20 5 159 76 -235
10-5.png 20 5 40 159 -199
10-5_90.png 20 5 40 159 -199
10-5_180.png 20 5 40 159 -199
10-5_270.png 20 5 40 159 -199
10-5_fl.png 20 5 40 159 -199
10-6.png 20 5 94 78 -172
10-6_90.png 20 5 94 78 -172
10-6_180.png 20 5 94 78 -172
10-6_270.png 20 5 94 78 -172
10-6_fl.png 20 5 94 78 -172
10-7.png 20 5 93 94 -187
10-7_90.png 20 5 93 94 -187
10-7_180.png 20 5 93 94 -187
10-7_270.png 20 5 93 94 -187
10-7_fl.png 20 5 93 94 -187
10-8.png 20 5 107 121 -228
10-8_90.png 20 5 107 121 -228
10-8_180.png 20 5 107 121 -228
10-8_270.png 20 5 107 121 -228
10-8_fl.png 20 5 107 121 -228
10-9.png 20 5 65 92 -157
10-9_90.png 20 5 65 92 -157
10-9_180.png 20 5 65 92 -157
10-9_270.png 20 5 65 92 -157
10-9_fl.png 20 5 65 92 -157
10-10.png 20 5 137 107 -244
10-10_90.png 20 5 137 107 -244
10-10_180.png 20 5 137 107 -244
10-10_270.png 20 5 137 107 -244
10-10_fl.png 20 5 137 107 -244
10-11.png 20 5 68 89 -157
10-11_90.png 20 5 68 89 -157
10-11_180.png 20 5 68 89 -157
10-11_270.png 20 5 68 89 -157
10-11_fl.png 20 5 68 89 -157
10-12.png 20 5 128 106 -234
10-12_90.png 20 5 128 106 -234
10-12_180.png 20 5 128 106 -234
10-12_270.png 20 5 128 106 -234
10-12_fl.png 20 5 128 106 -234
10-13.png 20 5 82 109 -191
10-13_90.png 20 5 82 109 -191
10-13_180.png 20 5 82 109 -191
10-13_270.png 20 5 82 109 -191
10-13_fl.png 20 5 82 109 -191
10-14.png 20 5 111 108 -219
10-14_90.png 20 5 111 108 -219
10-14_180.png 20 5 111 108 -219
10-14_270.png 20 5 111 108 -219
10-14_fl.png 20 5 111 108 -219
10-15.png 20 5 189 93 -282
10-15_90.png 20 5 189 93 -282
10-15_180.png 20 5 189 93 -282
10-15_270.png 20 5 189 93 -282
10-15_fl.png 20 5 189 93 -282
11-1.png 0 10 -140 16 124
11-1_90.png 0 10 -140 16 124
11-1_180.png 0 10 -140 16 124
11-1_270.png 0 10 -140 16 124
11-1_fl.png 0 10 -140 16 124
11-2.png 0 10 -133 10 123
11-2_90.png 0 10 -133 10 123
11-2_180.png 0 10 -133 10 123
11-2_270.png 0 10 -133 10 123
11-2_fl.png 0 10 -133 10 123
11-3.png 0 10 -138 13 125
11-3_90.png 0 10 -138 13 125
11-3_180.png 0 10 -138 13 125
11-3_270.png 0 10 -138 13 125
11-3_fl.png 0 10 -138 13 125
11-4.png 0 10 -192 54 138
11-4_90.png 0 10 -192 54 138
11-4_180.png 0 10 -192 54 138
11-4_270.png 0 10 -192 54 138
11-4_fl.png 0 10 -192 54 138
11-5.png 0 10 -141 26 115
11-5_90.png 0 10 -141 26 115
11-5_180.png 0 10 -141 26 115
11-5_270.png 0 10 -141 26 115
11-5_fl.png 0 10 -141 26 115
11-6.png 0 10 -153 31 122
11-6_90.png 0 10 -153 31 122
11-6_180.png 0 10 -153 31 122
11-6_270.png 0 10 -153 31 122
11-6_fl.png 0 10 -153 31 122
11-7.png 0 10 -152 30 122
11-7_90.png 0 10 -152 30 122
11-7_180.png 0 10 -152 30 122
11-7_270.png 0 10 -152 30 122
11-7_fl.png 0 10 -152 30 122
11-8.png 0 10 -125 2 123
11-8_90.png 0 10 -125 2 123
11-8_180.png 0 10 -125 2 123
11-8_270.png 0 10 -125 2 123
11-8_fl.png 0 10 -125 2 123
11-9.png 0 10 -136 -12 148
11-9_90.png 0 10 -136 -12 148
11-9_180.png 0 10 -136 -12 148
11-9_270.png 0 10 -136 -12 148
11-9_fl.png 0 10 -136 -12 148
11-10.png 0 10 -140 16 124
11-10_90.png 0 10 -140 16 124
11-10_180.png 0 10 -140 16 124
11-10_270.png 0 10 -140 16 124
11-10_fl.png 0 10 -140 16 124
11-11.png 0 10 -141 3 138
11-11_90.png 0 10 -141 3 138
11-11_180.png 0 10 -141 3 138
11-11_270.png 0 10 -141 3 138
11-11_fl.png 0 10 -141 3 138
11-12.png 0 10 -126 5 121
11-12_90.png 0 10 -126 5 121
11-12_180.png 0 10 -126 5 121
11-12_270.png 0 10 -126 5 121
11-12_fl.png 0 10 -126 5 121
11-13.png 0 10 -151 -29 180
11-13_90.png 0 10 -151 -29 180
11-13_180.png 0 10 -151 -29 180
11-13_270.png 0 10 -151 -29 180
11-13_fl.png 0 10 -151 -29 180
11-14.png 0 10 -118 -15 133
11-14_90.png 0 10 -118 -15 133
11-14_180.png 0 10 -118 -15 133
11-14_270.png 0 10 -118 -15 133
11-14_fl.png 0 10 -118 -15 133
11-15.png 0 10 -148 -1 149
11-15_90.png 0 10 -148 -1 149
11-15_180.png 0 10 -148 -1 149
11-15_270.png 0 10 -148 -1 149
11-15_fl.png 0 10 -148 -1 149
13-1.png 10 10 22 0 -22
13-1_90.png 10 10 22 0 -22
13-1_180.png 10 10 22 0 -22
13-1_270.png 10 10 22 0 -22
13-1_fl.png 10 10 22 0 -22
13-2.png 10 10 18 -5 -13
13-2_90.png 10 10 18 -5 -13
13-2_180.png 10 10 18 -5 -13
13-2_270.png 10 10 18 -5 -13
13-2_fl.png 10 10 18 -5 -13
13-3.png 10 10 10 9 -19
13-3_90.png 10 10 10 9 -19
13-3_180.png 10 10 10 9 -19
13-3_270.png 10 10 10 9 -19
13-3_fl.png 10 10 10 9 -19
13-4.png 10 10 32 -1 -31
13-4_90.png 10 10 32 -1 -31
13-4_180.png 10 10 32 -1 -31
13-4_270.png 10 10 32 -1 -31
13-4_fl.png 10 10 32 -1 -31
13-5.png 10 10 9 0 -9
13-5_90.png 10 10 9 0 -9
13-5_180.png 10 10 9 0 -9
13-5_270.png 10 10 9 0 -9
13-5_fl.png 10 10 9 0 -9
13-6.png 10 10 14 -6 -8
13-6_90.png 10 10 14 -6 -8
13-6_180.png 10 10 14 -6 -8
13-6_270.png 10 10 14 -6 -8
13-6_fl.png 10 10 14 -6 -8
13-7.png 10 10 26 -4 -22
13-7_90.png 10 10 26 -4 -22
13-7_180.png 10 10 26 -4 -22
13-7_270.png 10 10 26 -4 -22
13-7_fl.png 10 10 26 -4 -22
13-8.png 10 10 5 16 -21
13-8_90.png 10 10 5 16 -21
13-8_180.png 10 10 5 16 -21
13-8_270.png 10 10 5 16 -21
13-8_fl.png 10 10 5 16 -21
13-9.png 10 10 2 11 -13
13-9_90.png 10 10 2 11 -13
13-9_180.png 10 10 2 11 -13
13-9_270.png 10 10 2 11 -13
13-9_fl.png 10 10 2 11 -13
13-10.png 10 10 -26 26 0
13-10_90.png 10 10 -26 26 0
13-10_180.png 10 10 -26 26 0
13-10_270.png 10 10 -26 26 0
13-10_fl.png 10 10 -26 26 0
13-11.png 10 10 22 0 -22
13-11_90.png 10 10 22 0 -22
13-11_180.png 10 10 22 0 -22
13-11_270.png 10 10 22 0 -22
13-11_fl.png 10 10 22 0 -22
13-12.png 10 10 11 -10 -1
13-12_90.png 10 10 11 -10 -1
13-12_180.png 10 10 11 -10 -1
13-12_270.png 10 10 11 -10 -1
13-12_fl.png 10 10 11 -10 -1
13-13.png 10 10 -1 12 -11
13-13_90.png 10 10 -1 12 -11
13-13_180.png 10 10 -1 12 -11
13-13_270.png 10 10 -1 12 -11
13-13_fl.png 10 10 -1 12 -11
13-14.png 10 10 13 -6 -7
13-14_90.png 10 10 13 -6 -7
13-14_180.png 10 10 13 -6 -7
13-14_270.png 10 10 13 -6 -7
13-14_fl.png 10 10 13 -6 -7
13-15.png 10 10 -5 5 0
13-15_90.png 10 10 -5 5 0
13-15_180.png 10 10 -5 5 0
13-15_270.png 10 10 -5 5 0
13-15_fl.png 10 10 -5 5 0
15-1.png 20 10 143 3 -146
15-1_90.png 20 10 143 3 -146
15-1_180.png 20 10 143 3 -146
15-1_270.png 20 10 143 3 -146
15-1_fl.png 20 10 143 3 -146
15-2.png 20 10 156 0 -156
15-2_90.png 20 10 156 0 -156
15-2_180.png 20 10 156 0 -156
15-2_270.png 20 10 156 0 -156
15-2_fl.png 20 10 156 0 -156
15-3.png 20 10 165 0 -165
15-3_90.png 20 10 165 0 -165
15-3_180.png 20 10 165 0 -165
15-3_270.png 20 10 165 0 -165
15-3_fl.png 20 10 165 0 -165
15-4.png 20 10 138 0 -138
15-4_90.png 20 10 138 0 -138
15-4_180.png 20 10 138 0 -138
15-4_270.png 20 10 138 0 -138
15-4_fl.png 20 10 138 0 -138
15-5.png 20 10 142 0 -142
15-5_90.png 20 10 142 0 -142
15-5_180.png 20 10 142 0 -142
15-5_270.png 20 10 142 0 -142
15-5_fl.png 20 10 142 0 -142
15-6.png 20 10 158 -6 -152
15-6_90.png 20 10 158 -6 -152
15-6_180.png 20 10 158 -6 -152
15-6_270.png 20 10 158 -6 -152
15-6_fl.png 20 10 158 -6 -152
15-7.png 20 10 139 0 -139
15-7_90.png 20 10 139 0 -139
15-7_180.png 20 10 139 0 -139
15-7_270.png 20 10 139 0 -139
15-7_fl.png 20 10 139 0 -139
15-8.png 20 10 154 0 -154
15-8_90.png 20 10 154 0 -154
15-8_180.png 20 10 154 0 -154
15-8_270.png 20 10 154 0 -154
15-8_fl.png 20 10 154 0 -154
15-9.png 20 10 161 0 -161
15-9_90.png 20 10 161 0 -161
15-9_180.png 20 10 161 0 -161
15-9_270.png 20 10 161 0 -161
15-9_fl.png 20 10 161 0 -161
15-10.png 20 10 133 0 -133
15-10_90.png 20 10 133 0 -133
15-10_180.png 20 10 133 0 -133
15-10_270.png 20 10 133 0 -133
15-10_fl.png 20 10 133 0 -133
15-11.png 20 10 124 -4 -120
15-11_90.png 20 10 124 -4 -120
15-11_180.png 20 10 124 -4 -120
15-11_270.png 20 10 124 -4 -120
15-11_fl.png 20 10 124 -4 -120
15-12.png 20 10 156 0 -156
15-12_90.png 20 10 156 0 -156
15-12_180.png 20 10 156 0 -156
15-12_270.png 20 10 156 0 -156
15-12_fl.png 20 10 156 0 -156
15-13.png 20 10 141 0 -141
15-13_90.png 20 10 141 0 -141
15-13_180.png 20 10 141 0 -141
15-13_270.png 20 10 141 0 -141
15-13_fl.png 20 10 141 0 -141
15-14.png 20 10 170 -2 -168
15-14_90.png 20 10 170 -2 -168
15-14_180.png 20 10 170 -2 -168
15-14_270.png 20 10 170 -2 -168
15-14_fl.png 20 10 170 -2 -168
15-15.png 20 10 154 0 -154
15-15_90.png 20 10 154 0 -154
15-15_180.png 20 10 154 0 -154
15-15_270.png 20 10 154 0 -154
15-15_fl.png 20 10 154 0 -154
17-1.png 5 15 5 -61 56
17-1_90.png 5 15 5 -61 56
17-1_180.png 5 15 5 -61 56
17-1_270.png 5 15 5 -61 56
17-1_fl.png 5 15 5 -61 56
17-2.png 5 15 -4 -61 65
17-2_90.png 5 15 -4 -61 65
17-2_180.png 5 15 -4 -61 65
17-2_270.png 5 15 -4 -61 65
17-2_fl.png 5 15 -4 -61 65
17-3.png 5 15 7 -60 53
17-3_90.png 5 15 7 -60 53
17-3_180.png 5 15 7 -60 53
17-3_270.png 5 15 7 -60 53
17-3_fl.png 5 15 7 -60 53
17-4.png 5 15 11 -60 49
17-4_90.png 5 15 11 -60 49
17-4_180.png 5 15 11 -60 49
17-4_270.png 5 15 11 -60 49
17-4_fl.png 5 15 11 -60 49
17-5.png 5 15 9 -57 48
17-5_90.png 5 15 9 -57 48
17-5_180.png 5 15 9 -57 48
17-5_270.png 5 15 9 -57 48
17-5_fl.png 5 15 9 -57 48
17-6.png 5 15 0 -59 59
17-6_90.png 5 15 0 -59 59
17-6_180.png 5 15 0 -59 59
17-6_270.png 5 15 0 -59 59
17-6_fl.png 5 15 0 -59 59
17-7.png 5 15 18 -61 43
17-7_90.png 5 15 18 -61 43
17-7_180.png 5 15 18 -61 43
17-7_270.png 5 15 18 -61 43
17-7_fl.png 5 15 18 -61 43
17-8.png 5 15 8 -67 59
17-8_90.png 5 15 8 -67 59
17-8_180.png 5 15 8 -67 59
17-8_270.png 5 15 8 -67 59
17-8_fl.png 5 15 8 -67 59
17-9.png 5 15 -3 -49 52
17-9_90.png 5 15 -3 -49 52
17-9_180.png 5 15 -3 -49 52
17-9_270.png 5 15 -3 -49 52
17-9_fl.png 5 15 -3 -49 52
17-10.png 5 15 0 -55 55
17-10_90.png 5 15 0 -55 55
17-10_180.png 5 15 0 -55 55
17-10_270.png 5 15 0 -55 55
17-10_fl.png 5 15 0 -55 55
17-11.png 5 15 -2 -57 59
17-11_90.png 5 15 -2 -57 59
17-11_180.png 5 15 -2 -57 59
17-11_270.png 5 15 -2 -57 59
17-11_fl.png 5 15 -2 -57 59
17-12.png 5 15 -14 -45 59
17-12_90.png 5 15 -14 -45 59
17-12_180.png 5 15 -14 -45 59
17-12_270.png 5 15 -14 -45 59
17-12_fl.png 5 15 -14 -45 59
17-13.png 5 15 0 -60 60
17-13_90.png 5 15 0 -60 60
17-13_180.png 5 15 0 -60 60
17-13_270.png 5 15 0 -60 60
17-13_fl.png 5 15 0 -60 60
17-14.png 5 15 11 -61 50
17-14_90.png 5 15 11 -61 50
17-14_180.png 5 15 11 -61 50
17-14_270.png 5 15 11 -61 50
17-14_fl.png 5 15 11 -61 50
17-15.png 5 15 20 -61 41
17-15_90.png 5 15 20 -61 41
17-15_180.png 5 15 20 -61 41
17-15_270.png 5 15 20 -61 41
17-15_fl.png 5 15 20 -61 41
18-1.png 10 15 89 -76 -13
18-1_90.png 10 15 89 -76 -13
18-1_180.png 10 15 89 -76 -13
18-1_270.png 10 15 89 -76 -13
18-1_fl.png 10 15 89 -76 -13
18-2.png 10 15 83 -70 -13
18-2_90.png 10 15 83 -70 -13
18-2_180.png 10 15 83 -70 -13
18-2_270.png 10 15 83 -70 -13
18-2_fl.png 10 15 83 -70 -13
18-3.png 10 15 75 -60 -15
18-3_90.png 10 15 75 -60 -15
18-3_180.png 10 15 75 -60 -15
18-3_270.png 10 15 75 -60 -15
18-3_fl.png 10 15 75 -60 -15
18-4.png 10 15 87 -60 -27
18-4_90.png 10 15 87 -60 -27
18-4_180.png 10 15 87 -60 -27
18-4_270.png 10 15 87 -60 -27
18-4_fl.png 10 15 87 -60 -27
18-5.png 10 15 91 -61 -30
18-5_90.png 10 15 91 -61 -30
18-5_180.png 10 15 91 -61 -30
18-5_270.png 10 15 91 -61 -30
18-5_fl.png 10 15 91 -61 -30
18-6.png 10 15 98 -75 -23
18-6_90.png 10 15 98 -75 -23
18-6_180.png 10 15 98 -75 -23
18-6_270.png 10 15 98 -75 -23
18-6_fl.png 10 15 98 -75 -23
18-7.png 10 15 90 -82 -8
18-7_90.png 10 15 90 -82 -8
18-7_180.png 10 15 90 -82 -8
18-7_270.png 10 15 90 -82 -8
18-7_fl.png 10 15 90 -82 -8
18-8.png 10 15 77 -77 0
18-8_90.png 10 15 77 -77 0
18-8_180.png 10 15 77 -77 0
18-8_270.png 10 15 77 -77 0
18-8_fl.png 10 15 77 -77 0
18-9.png 10 15 41 -58 17
18-9_90.png 10 15 41 -58 17
18-9_180.png 10 15 41 -58 17
18-9_270.png 10 15 41 -58 17
18-9_fl.png 10 15 41 -58 17
18-10.png 10 15 74 -76 2
18-10_90.png 10 15 74 -76 2
18-10_180.png 10 15 74 -76 2
18-10_270.png 10 15 74 -76 2
18-10_fl.png 10 15 74 -76 2
18-11.png 10 15 87 -59 -28
18-11_90.png 10 15 87 -59 -28
18-11_180.png 10 15 87 -59 -28
18-11_270.png 10 15 87 -59 -28
18-11_fl.png 10 15 87 -59 -28
18-12.png 10 15 75 -75 0
18-12_90.png 10 15 75 -75 0
18-12_180.png 10 15 75 -75 0
18-12_270.png 10 15 75 -75 0
18-12_fl.png 10 15 75 -75 0
18-13.png 10 15 76 -78 2
18-13_90.png 10 15 76 -78 2
18-13_180.png 10 15 76 -78 2
18-13_270.png 10 15 76 -78 2
18-13_fl.png 10 15 76 -78 2
18-14.png 10 15 77 -75 -2
18-14_90.png 10 15 77 -75 -2
18-14_180.png 10 15 77 -75 -2
18-14_270.png 10 15 77 -75 -2
18-14_fl.png 10 15 77 -75 -2
18-15.png 10 15 78 -60 -18
18-15_90.png 10 15 78 -60 -18
18-15_180.png 10 15 78 -60 -18
18-15_270.png 10 15 78 -60 -18
18-15_fl.png 10 15 78 -60 -18
19-1.png 15 15 153 -95 -58
19-1_90.png 15 15 153 -95 -58
19-1_180.png 15 15 153 -95 -58
19-1_270.png 15 15 153 -95 -58
19-1_fl.png 15 15 153 -95 -58
19-2.png 15 15 144 -90 -54
19-2_90.png 15 15 144 -90 -54
19-2_180.png 15 15 144 -90 -54
19-2_270.png 15 15 144 -90 -54
19-2_fl.png 15 15 144 -90 -54
19-3.png 15 15 158 -87 -71
19-3_90.png 15 15 158 -87 -71
19-3_180.png 15 15 158 -87 -71
19-3_270.png 15 15 158 -87 -71
19-3_fl.png 15 15 158 -87 -71
19-4.png 15 15 171 -98 -73
19-4_90.png 15 15 171 -98 -73
19-4_180.png 15 15 171 -98 -73
19-4_270.png 15 15 171 -98 -73
19-4_fl.png 15 15 171 -98 -73
19-5.png 15 15 153 -71 -82
19-5_90.png 15 15 153 -71 -82
19-5_180.png 15 15 153 -71 -82
19-5_270.png 15 15 153 -71 -82
19-5_fl.png 15 15 153 -71 -82
19-6.png 15 15 146 -87 -59
19-6_90.png 15 15 146 -87 -59
19-6_180.png 15 15 146 -87 -59
19-6_270.png 15 15 146 -87 -59
19-6_fl.png 15 15 146 -87 -59
19-7.png 15 15 142 -98 -44
19-7_90.png 15 15 142 -98 -44
19-7_180.png 15 15 142 -98 -44
19-7_270.png 15 15 142 -98 -44
19-7_fl.png 15 15 142 -98 -44
19-8.png 15 15 148 -73 -75
19-8_90.png 15 15 148 -73 -75
19-8_180.png 15 15 148 -73 -75
19-8_270.png 15 15 148 -73 -75
19-8_fl.png 15 15 148 -73 -75
19-9.png 15 15 158 -96 -62
19-9_90.png 15 15 158 -96 -62
19-9_180.png 15 15 158 -96 -62
19-9_270.png 15 15 158 -96 -62
19-9_fl.png 15 15 158 -96 -62
19-10.png 15 15 175 -98 -77
19-10_90.png 15 15 175 -98 -77
19-10_180.png 15 15 175 -98 -77
19-10_270.png 15 15 175 -98 -77
19-10_fl.png 15 15 175 -98 -77
19-11.png 15 15 167 -70 -97
19-11_90.png 15 15 167 -70 -97
19-11_180.png 15 15 167 -70 -97
19-11_270.png 15 15 167 -70 -97
19-11_fl.png 15 15 167 -70 -97
19-12.png 15 15 145 -93 -52
19-12_90.png 15 15 145 -93 -52
19-12_180.png 15 15 145 -93 -52
19-12_270.png 15 15 145 -93 -52
19-12_fl.png 15 15 145 -93 -52
19-13.png 15 15 180 -75 -105
19-13_90.png 15 15 180 -75 -105
19-13_180.png 15 15 180 -75 -105
19-13_270.png 15 15 180 -75 -105
19-13_fl.png 15 15 180 -75 -105
19-14.png 15 15 177 -98 -79
19-14_90.png 15 15 177 -98 -79
19-14_180.png 15 15 177 -98 -79
19-14_270.png 15 15 177 -98 -79
19-14_fl.png 15 15 177 -98 -79
19-15.png 15 15 181 -76 -105
19-15_90.png 15 15 181 -76 -105
19-15_180.png 15 15 181 -76 -105
19-15_270.png 15 15 181 -76 -105
19-15_fl.png 15 15 181 -76 -105
20-1.png 20 15 102 -116 14
20-1_90.png 20 15 102 -116 14
20-1_180.png 20 15 102 -116 14
20-1_270.png 20 15 102 -116 14
20-1_fl.png 20 15 102 -116 14
20-2.png 20 15 220 -107 -113
20-2_90.png 20 15 220 -107 -113
20-2_180.png 20 15 220 -107 -113
20-2_270.png 20 15 220 -107 -113
20-2_fl.png 20 15 220 -107 -113
20-3.png 20 15 218 -104 -114
20-3_90.png 20 15 218 -104 -114
20-3_180.png 20 15 218 -104 -114
20-3_270.png 20 15 218 -104 -114
20-3_fl.png 20 15 218 -104 -114
20-4.png 20 15 251 -109 -142
20-4_90.png 20 15 251 -109 -142
20-4_180.png 20 15 251 -109 -142
20-4_270.png 20 15 251 -109 -142
20-4_fl.png 20 15 251 -109 -142
20-5.png 20 15 205 -114 -91
20-5_90.png 20 15 205 -114 -91
20-5_180.png 20 15 205 -114 -91
20-5_270.png 20 15 205 -114 -91
20-5_fl.png 20 15 205 -114 -91
20-6.png 20 15 220 -107 -113
20-6_90.png 20 15 220 -107 -113
20-6_180.png 20 15 220 -107 -113
20-6_270.png 20 15 220 -107 -113
20-6_fl.png 20 15 220 -107 -113
20-7.png 20 15 218 -105 -113
20-7_90.png 20 15 218 -105 -113
20-7_180.png 20 15 218 -105 -113
20-7_270.png 20 15 218 -105 -113
20-7_fl.png 20 15 218 -105 -113
20-8.png 20 15 250 -107 -143
20-8_90.png 20 15 250 -107 -143
20-8_180.png 20 15 250 -107 -143
20-8_270.png 20 15 250 -107 -143
20-8_fl.png 20 15 250 -107 -143
20-9.png 20 15 235 -104 -131
20-9_90.png 20 15 235 -104 -131
20-9_180.png 20 15 235 -104 -131
20-9_270.png 20 15 235 -104 -131
20-9_fl.png 20 15 235 -104 -131
20-10.png 20 15 214 -108 -106
20-10_90.png 20 15 214 -108 -106
20-10_180.png 20 15 214 -108 -106
20-10_270.png 20 15 214 -108 -106
20-10_fl.png 20 15 214 -108 -106
20-11.png 20 15 220 -109 -111
20-11_90.png 20 15 220 -109 -111
20-11_180.png 20 15 220 -109 -111
20-11_270.png 20 15 220 -109 -111
20-11_fl.png 20 15 220 -109 -111
20-12.png 20 15 222 -115 -107
20-12_90.png 20 15 222 -115 -107
20-12_180.png 20 15 222 -115 -107
20-12_270.png 20 15 222 -115 -107
20-12_fl.png 20 15 222 -115 -107
20-13.png 20 15 214 -108 -106
20-13_90.png 20 15 214 -108 -106
20-13_180.png 20 15 214 -108 -106
20-13_270.png 20 15 214 -108 -106
20-13_fl.png 20 15 214 -108 -106
20-14.png 20 15 238 -108 -130
20-14_90.png 20 15 238 -108 -130
20-14_180.png 20 15 238 -108 -130
20-14_270.png 20 15 238 -108 -130
20-14_fl.png 20 15 238 -108 -130
20-15.png 20 15 213 -111 -102
20-15_90.png 20 15 213 -111 -102
20-15_180.png 20 15 213 -111 -102
20-15_270.png 20 15 213 -111 -102
20-15_fl.png 20 15 213 -111 -102
21-1.png 0 20 2 -98 96
21-1_90.png 0 20 2 -98 96
21-1_180.png 0 20 2 -98 96
21-1_270.png 0 20 2 -98 96
21-1_fl.png 0 20 2 -98 96
21-2.png 0 20 3 -89 86
21-2_90.png 0 20 3 -89 86
21-2_180.png 0 20 3 -89 86
21-2_270.png 0 20 3 -89 86
21-2_fl.png 0 20 3 -89 86
21-3.png 0 20 2 -122 120
21-3_90.png 0 20 2 -122 120
21-3_180.png 0 20 2 -122 120
21-3_270.png 0 20 2 -122 120
21-3_fl.png 0 20 2 -122 120
21-4.png 0 20 -5 -110 115
21-4_90.png 0 20 -5 -110 115
21-4_180.png 0 20 -5 -110 115
21-4_270.png 0 20 -5 -110 115
21-4_fl.png 0 20 -5 -110 115
21-5.png 0 20 1 -90 89
21-5_90.png 0 20 1 -90 89
21-5_180.png 0 20 1 -90 89
21-5_270.png 0 20 1 -90 89
21-5_fl.png 0 20 1 -90 89
21-6.png 0 20 23 -101 78
21-6_90.png 0 20 23 -101 78
21-6_180.png 0 20 23 -101 78
21-6_270.png 0 20 23 -101 78
21-6_fl.png 0 20 23 -101 78
21-7.png 0 20 20 -94 74
21-7_90.png 0 20 20 -94 74
21-7_180.png 0 20 20 -94 74
21-7_270.png 0 20 20 -94 74
21-7_fl.png 0 20 20 -94 74
21-8.png 0 20 11 -84 73
21-8_90.png 0 20 11 -84 73
21-8_180.png 0 20 11 -84 73
21-8_270.png 0 20 11 -84 73
21-8_fl.png 0 20 11 -84 73
21-9.png 0 20 13 -115 102
21-9_90.png 0 20 13 -115 102
21-9_180.png 0 20 13 -115 102
21-9_270.png 0 20 13 -115 102
21-9_fl.png 0 20 13 -115 102
21-10.png 0 20 -1 -94 95
21-10_90.png 0 20 -1 -94 95
21-10_180.png 0 20 -1 -94 95
21-10_270.png 0 20 -1 -94 95
21-10_fl.png 0 20 -1 -94 95
21-11.png 0 20 16 -96 80
21-11_90.png 0 20 16 -96 80
21-11_180.png 0 20 16 -96 80
21-11_270.png 0 20 16 -96 80
21-11_fl.png 0 20 16 -96 80
21-12.png 0 20 4 -90 86
21-12_90.png 0 20 4 -90 86
21-12_180.png 0 20 4 -90 86
21-12_270.png 0 20 4 -90 86
21-12_fl.png 0 20 4 -90 86
21-13.png 0 20 2 -85 83
21-13_90.png 0 20 2 -85 83
21-13_180.png 0 20 2 -85 83
21-13_270.png 0 20 2 -85 83
21-13_fl.png 0 20 2 -85 83
21-14.png 0 20 0 -80 80
21-14_90.png 0 20 0 -80 80
21-14_180.png 0 20 0 -80 80
21-14_270.png 0 20 0 -80 80
21-14_fl.png 0 20 0 -80 80
21-15.png 0 20 -3 -89 92
21-15_90.png 0 20 -3 -89 92
21-15_180.png 0 20 -3 -89 92
21-15_270.png 0 20 -3 -89 92
21-15_fl.png 0 20 -3 -89 92
22-1.png 5 20 47 -79 32
22-1_90.png 5 20 47 -79 32
22-1_180.png 5 20 47 -79 32
22-1_270.png 5 20 47 -79 32
22-1_fl.png 5 20 47 -79 32
22-2.png 5 20 60 -107 47
22-2_90.png 5 20 60 -107 47
22-2_180.png 5 20 60 -107 47
22-2_270.png 5 20 60 -107 47
22-2_fl.png 5 20 60 -107 47
22-3.png 5 20 62 -114 52
22-3_90.png 5 20 62 -114 52
22-3_180.png 5 20 62 -114 52
22-3_270.png 5 20 62 -114 52
22-3_fl.png 5 20 62 -114 52
22-4.png 5 20 74 -122 48
22-4_90.png 5 20 74 -122 48
22-4_180.png 5 20 74 -122 48
22-4_270.png 5 20 74 -122 48
22-4_fl.png 5 20 74 -122 48
22-5.png 5 20 58 -103 45
22-5_90.png 5 20 58 -103 45
22-5_180.png 5 20 58 -103 45
22-5_270.png 5 20 58 -103 45
22-5_fl.png 5 20 58 -103 45
22-6.png 5 20 78 -110 32
22-6_90.png 5 20 78 -110 32
22-6_180.png 5 20 78 -110 32
22-6_270.png 5 20 78 -110 32
22-6_fl.png 5 20 78 -110 32
22-7.png 5 20 63 -115 52
22-7_90.png 5 20 63 -115 52
22-7_180.png 5 20 63 -115 52
22-7_270.png 5 20 63 -115 52
22-7_fl.png 5 20 63 -115 52
22-8.png 5 20 72 -102 30
22-8_90.png 5 20 72 -102 30
22-8_180.png 5 20 72 -102 30
22-8_270.png 5 20 72 -102 30
22-8_fl.png 5 20 72 -102 30
22-9.png 5 20 41 -94 53
22-9_90.png 5 20 41 -94 53
22-9_180.png 5 20 41 -94 53
22-9_270.png 5 20 41 -94 53
22-9_fl.png 5 20 41 -94 53
22-10.png 5 20 61 -106 45
22-10_90.png 5 20 61 -106 45
22-10_180.png 5 20 61 -106 45
22-10_270.png 5 20 61 -106 45
22-10_fl.png 5 20 61 -106 45
22-11.png 5 20 55 -98 43
22-11_90.png 5 20 55 -98 43
22-11_180.png 5 20 55 -98 43
22-11_270.png 5 20 55 -98 43
22-11_fl.png 5 20 55 -98 43
22-12.png 5 20 63 -107 44
22-12_90.png 5 20 63 -107 44
22-12_180.png 5 20 63 -107 44
22-12_270.png 5 20 63 -107 44
22-12_fl.png 5 20 63 -107 44
22-13.png 5 20 58 -111 53
22-13_90.png 5 20 58 -111 53
22-13_180.png 5 20 58 -111 53
22-13_270.png 5 20 58 -111 53
22-13_fl.png 5 20 58 -111 53
22-14.png 5 20 71 -105 34
22-14_90.png 5 20 71 -105 34
22-14_180.png 5 20 71 -105 34
22-14_270.png 5 20 71 -105 34
22-14_fl.png 5 20 71 -105 34
22-15.png 5 20 71 -123 52
22-15_90.png 5 20 71 -123 52
22-15_180.png 5 20 71 -123 52
22-15_270.png 5 20 71 -123 52
22-15_fl.png 5 20 71 -123 52
24-1.png 15 20 205 -161 -44
24-1_90.png 15 20 205 -161 -44
24-1_180.png 15 20 205 -161 -44
24-1_270.png 15 20 205 -161 -44
24-1_fl.png 15 20 205 -161 -44
24-2.png 15 20 200 -149 -51
24-2_90.png 15 20 200 -149 -51
24-2_180.png 15 20 200 -149 -51
24-2_270.png 15 20 200 -149 -51
24-2_fl.png 15 20 200 -149 -51
24-3.png 15 20 214 -165 -49
24-3_90.png 15 20 214 -165 -49
24-3_180.png 15 20 214 -165 -49
24-3_270.png 15 20 214 -165 -49
24-3_fl.png 15 20 214 -165 -49
24-4.png 15 20 237 -152 -85
24-4_90.png 15 20 237 -152 -85
24-4_180.png 15 20 237 -152 -85
24-4_270.png 15 20 237 -152 -85
24-4_fl.png 15 20 237 -152 -85
24-5.png 15 20 222 -162 -60
24-5_90.png 15 20 222 -162 -60
24-5_180.png 15 20 222 -162 -60
24-5_270.png 15 20 222 -162 -60
24-5_fl.png 15 20 222 -162 -60
24-6.png 15 20 206 -152 -54
24-6_90.png 15 20 206 -152 -54
24-6_180.png 15 20 206 -152 -54
24-6_270.png 15 20 206 -152 -54
24-6_fl.png 15 20 206 -152 -54
24-7.png 15 20 222 -180 -42
24-7_90.png 15 20 222 -180 -42
24-7_180.png 15 20 222 -180 -42
24-7_270.png 15 20 222 -180 -42
24-7_fl.png 15 20 222 -180 -42
24-8.png 15 20 233 -179 -54
24-8_90.png 15 20 233 -179 -54
24-8_180.png 15 20 233 -179 -54
24-8_270.png 15 20 233 -179 -54
24-8_fl.png 15 20 233 -179 -54
24-9.png 15 20 263 -154 -109
24-9_90.png 15 20 263 -154 -109
24-9_180.png 15 20 263 -154 -109
24-9_270.png 15 20 263 -154 -109
24-9_fl.png 15 20 263 -154 -109
24-10.png 15 20 212 -169 -43
24-10_90.png 15 20 212 -169 -43
24-10_180.png 15 20 212 -169 -43
24-10_270.png 15 20 212 -169 -43
24-10_fl.png 15 20 212 -169 -43
24-11.png 15 20 242 -150 -92
24-11_90.png 15 20 242 -150 -92
24-11_180.png 15 20 242 -150 -92
24-11_270.png 15 20 242 -150 -92
24-11_fl.png 15 20 242 -150 -92
24-12.png 15 20 206 -155 -51
24-12_90.png 15 20 206 -155 -51
24-12_180.png 15 20 206 -155 -51
24-12_270.png 15 20 206 -155 -51
24-12_fl.png 15 20 206 -155 -51
24-13.png 15 20 232 -173 -59
24-13_90.png 15 20 232 -173 -59
24-13_180.png 15 20 232 -173 -59
24-13_270.png 15 20 232 -173 -59
24-13_fl.png 15 20 232 -173 -59
24-14.png 15 20 237 -155 -82
24-14_90.png 15 20 237 -155 -82
24-14_180.png 15 20 237 -155 -82
24-14_270.png 15 20 237 -155 -82
24-14_fl.png 15 20 237 -155 -82
24-15.png 15 20 250 -152 -98
24-15_90.png 15 20 250 -152 -98
24-15_180.png 15 20 250 -152 -98
24-15_270.png 15 20 250 -152 -98
24-15_fl.png 15 20 250 -152 -98
25-1.png 20 20 302 -206 -96
25-1_90.png 20 20 302 -206 -96
25-1_180.png 20 20 302 -206 -96
25-1_270.png 20 20 302 -206 -96
25-1_fl.png 20 20 302 -206 -96
25-2.png 20 20 298 -195 -103
25-2_90.png 20 20 298 -195 -103
25-2_180.png 20 20 298 -195 -103
25-2_270.png 20 20 298 -195 -103
25-2_fl.png 20 20 298 -195 -103
25-3.png 20 20 293 -197 -96
25-3_90.png 20 20 293 -197 -96
25-3_180.png 20 20 293 -197 -96
25-3_270.png 20 20 293 -197 -96
25-3_fl.png 20 20 293 -197 -96
25-4.png 20 20 295 -190 -105
25-4_90.png 20 20 295 -190 -105
25-4_180.png 20 20 295 -190 -105
25-4_270.png 20 20 295 -190 -105
25-4_fl.png 20 20 295 -190 -105
25-5.png 20 20 321 -197 -124
25-5_90.png 20 20 321 -197 -124
25-5_180.png 20 20 321 -197 -124
25-5_270.png 20 20 321 -197 -124
25-5_fl.png 20 20 321 -197 -124
25-6.png 20 20 301 -198 -103
25-6_90.png 20 20 301 -198 -103
25-6_180.png 20 20 301 -198 -103
25-6_270.png 20 20 301 -198 -103
25-6_fl.png 20 20 301 -198 -103
25-7.png 20 20 293 -196 -97
25-7_90.png 20 20 293 -196 -97
25-7_180.png 20 20 293 -196 -97
25-7_270.png 20 20 293 -196 -97
25-7_fl.png 20 20 293 -196 -97
25-8.png 20 20 313 -217 -96
25-8_90.png 20 20 313 -217 -96
25-8_180.png 20 20 313 -217 -96
25-8_270.png 20 20 313 -217 -96
25-8_fl.png 20 20 313 -217 -96
25-9.png 20 20 294 -202 -92
25-9_90.png 20 20 294 -202 -92
25-9_180.png 20 20 294 -202 -92
25-9_270.png 20 20 294 -202 -92
25-9_fl.png 20 20 294 -202 -92
25-10.png 20 20 283 -194 -89
25-10_90.png 20 20 283 -194 -89
25-10_180.png 20 20 283 -194 -89
25-10_270.png 20 20 283 -194 -89
25-10_fl.png 20 20 283 -194 -89
25-11.png 20 20 320 -210 -110
25-11_90.png 20 20 320 -210 -110
25-11_180.png 20 20 320 -210 -110
25-11_270.png 20 20 320 -210 -110
25-11_fl.png 20 20 320 -210 -110
25-12.png 20 20 300 -203 -97
25-12_90.png 20 20 300 -203 -97
25-12_180.png 20 20 300 -203 -97
25-12_270.png 20 20 300 -203 -97
25-12_fl.png 20 20 300 -203 -97
25-13.png 20 20 318 -202 -116
25-13_90.png 20 20 318 -202 -116
25-13_180.png 20 20 318 -202 -116
25-13_270.png 20 20 318 -202 -116
25-13_fl.png 20 20 318 -202 -116
25-14.png 20 20 311 -200 -111
25-14_90.png 20 20 311 -200 -111
25-14_180.png 20 20 311 -200 -111
25-14_270.png 20 20 311 -200 -111
25-14_fl.png 20 20 311 -200 -111
25-15.png 20 20 312 -200 -112
25-15_90.png 20 20 312 -200 -112
25-15_180.png 20 20 312 -200 -112
25-15_270.png 20 20 312 -200 -112
25-15_fl.png 20 20 312 -200 -112
