1-3.png 0 0 -341 138 203
1-3_90.png 0 0 -341 138 203
1-3_180.png 0 0 -341 138 203
1-3_270.png 0 0 -341 138 203
1-3_fl.png 0 0 -341 138 203
1-5.png 0 0 -377 156 221
1-5_90.png 0 0 -377 156 221
1-5_180.png 0 0 -377 156 221
1-5_270.png 0 0 -377 156 221
1-5_fl.png 0 0 -377 156 221
1-6.png 0 0 -346 143 203
1-6_90.png 0 0 -346 143 203
1-6_180.png 0 0 -346 143 203
1-6_270.png 0 0 -346 143 203
1-6_fl.png 0 0 -346 143 203
1-8.png 0 0 -331 0 331
1-8_90.png 0 0 -331 0 331
1-8_180.png 0 0 -331 0 331
1-8_270.png 0 0 -331 0 331
1-8_fl.png 0 0 -331 0 331
1-10.png 0 0 -319 285 34
1-10_90.png 0 0 -319 285 34
1-10_180.png 0 0 -319 285 34
1-10_270.png 0 0 -319 285 34
1-10_fl.png 0 0 -319 285 34
3-1.png 10 0 -138 120 18
3-1_90.png 10 0 -138 120 18
3-1_180.png 10 0 -138 120 18
3-1_270.png 10 0 -138 120 18
3-1_fl.png 10 0 -138 120 18
3-2.png 10 0 -158 158 0
3-2_90.png 10 0 -158 158 0
3-2_180.png 10 0 -158 158 0
3-2_270.png 10 0 -158 158 0
3-2_fl.png 10 0 -158 158 0
3-10.png 10 0 -57 141 -84
3-10_90.png 10 0 -57 141 -84
3-10_180.png 10 0 -57 141 -84
3-10_270.png 10 0 -57 141 -84
3-10_fl.png 10 0 -57 141 -84
3-13.png 10 0 -113 139 -26
3-13_90.png 10 0 -113 139 -26
3-13_180.png 10 0 -113 139 -26
3-13_270.png 10 0 -113 139 -26
3-13_fl.png 10 0 -113 139 -26
3-14.png 10 0 -117 139 -22
3-14_90.png 10 0 -117 139 -22
3-14_180.png 10 0 -117 139 -22
3-14_270.png 10 0 -117 139 -22
3-14_fl.png 10 0 -117 139 -22
5-1.png 20 0 81 190 -271
5-1_90.png 20 0 81 190 -271
5-1_180.png 20 0 81 190 -271
5-1_270.png 20 0 81 190 -271
5-1_fl.png 20 0 81 190 -271
5-4.png 20 0 46 191 -237
5-4_90.png 20 0 46 191 -237
5-4_180.png 20 0 46 191 -237
5-4_270.png 20 0 46 191 -237
5-4_fl.png 20 0 46 191 -237
5-8.png 20 0 36 202 -238
5-8_90.png 20 0 36 202 -238
5-8_180.png 20 0 36 202 -238
5-8_270.png 20 0 36 202 -238
5-8_fl.png 20 0 36 202 -238
5-9.png 20 0 2 200 -202
5-9_90.png 20 0 2 200 -202
5-9_180.png 20 0 2 200 -202
5-9_270.png 20 0 2 200 -202
5-9_fl.png 20 0 2 200 -202
5-15.png 20 0 -6 212 -206
5-15_90.png 20 0 -6 212 -206
5-15_180.png 20 0 -6 212 -206
5-15_270.png 20 0 -6 212 -206
5-15_fl.png 20 0 -6 212 -206
6-6.png 0 5 -247 83 164
6-6_90.png 0 5 -247 83 164
6-6_180.png 0 5 -247 83 164
6-6_270.png 0 5 -247 83 164
6-6_fl.png 0 5 -247 83 164
6-7.png 0 5 -219 33 186
6-7_90.png 0 5 -219 33 186
6-7_180.png 0 5 -219 33 186
6-7_270.png 0 5 -219 33 186
6-7_fl.png 0 5 -219 33 186
6-8.png 0 5 -205 47 158
6-8_90.png 0 5 -205 47 158
6-8_180.png 0 5 -205 47 158
6-8_270.png 0 5 -205 47 158
6-8_fl.png 0 5 -205 47 158
6-10.png 0 5 -205 25 180
6-10_90.png 0 5 -205 25 180
6-10_180.png 0 5 -205 25 180
6-10_270.png 0 5 -205 25 180
6-10_fl.png 0 5 -205 25 180
6-12.png 0 5 -253 89 164
6-12_90.png 0 5 -253 89 164
6-12_180.png 0 5 -253 89 164
6-12_270.png 0 5 -253 89 164
6-12_fl.png 0 5 -253 89 164
7-1.png 5 5 -140 66 74
7-1_90.png 5 5 -140 66 74
7-1_180.png 5 5 -140 66 74
7-1_270.png 5 5 -140 66 74
7-1_fl.png 5 5 -140 66 74
7-8.png 5 5 -172 41 131
7-8_90.png 5 5 -172 41 131
7-8_180.png 5 5 -172 41 131
7-8_270.png 5 5 -172 41 131
7-8_fl.png 5 5 -172 41 131
7-9.png 5 5 -170 92 78
7-9_90.png 5 5 -170 92 78
7-9_180.png 5 5 -170 92 78
7-9_270.png 5 5 -170 92 78
7-9_fl.png 5 5 -170 92 78
7-13.png 5 5 -148 50 98
7-13_90.png 5 5 -148 50 98
7-13_180.png 5 5 -148 50 98
7-13_270.png 5 5 -148 50 98
7-13_fl.png 5 5 -148 50 98
7-15.png 5 5 -139 48 91
7-15_90.png 5 5 -139 48 91
7-15_180.png 5 5 -139 48 91
7-15_270.png 5 5 -139 48 91
7-15_fl.png 5 5 -139 48 91
8-3.png 10 5 -64 76 -12
8-3_90.png 10 5 -64 76 -12
8-3_180.png 10 5 -64 76 -12
8-3_270.png 10 5 -64 76 -12
8-3_fl.png 10 5 -64 76 -12
8-4.png 10 5 -55 69 -14
8-4_90.png 10 5 -55 69 -14
8-4_180.png 10 5 -55 69 -14
8-4_270.png 10 5 -55 69 -14
8-4_fl.png 10 5 -55 69 -14
8-5.png 10 5 -83 86 -3
8-5_90.png 10 5 -83 86 -3
8-5_180.png 10 5 -83 86 -3
8-5_270.png 10 5 -83 86 -3
8-5_fl.png 10 5 -83 86 -3
8-7.png 10 5 -76 86 -10
8-7_90.png 10 5 -76 86 -10
8-7_180.png 10 5 -76 86 -10
8-7_270.png 10 5 -76 86 -10
8-7_fl.png 10 5 -76 86 -10
8-9.png 10 5 -44 60 -16
8-9_90.png 10 5 -44 60 -16
8-9_180.png 10 5 -44 60 -16
8-9_270.png 10 5 -44 60 -16
8-9_fl.png 10 5 -44 60 -16
9-5.png 15 5 33 91 -124
9-5_90.png 15 5 33 91 -124
9-5_180.png 15 5 33 91 -124
9-5_270.png 15 5 33 91 -124
9-5_fl.png 15 5 33 91 -124
9-6.png 15 5 9 76 -85
9-6_90.png 15 5 9 76 -85
9-6_180.png 15 5 9 76 -85
9-6_270.png 15 5 9 76 -85
9-6_fl.png 15 5 9 76 -85
9-9.png 15 5 14 76 -90
9-9_90.png 15 5 14 76 -90
9-9_180.png 15 5 14 76 -90
9-9_270.png 15 5 14 76 -90
9-9_fl.png 15 5 14 76 -90
9-12.png 15 5 33 78 -111
9-12_90.png 15 5 33 78 -111
9-12_180.png 15 5 33 78 -111
9-12_270.png 15 5 33 78 -111
9-12_fl.png 15 5 33 78 -111
9-13.png 15 5 29 70 -99
9-13_90.png 15 5 29 70 -99
9-13_180.png 15 5 29 70 -99
9-13_270.png 15 5 29 70 -99
9-13_fl.png 15 5 29 70 -99
11-2.png 0 10 -133 10 123
11-2_90.png 0 10 -133 10 123
11-2_180.png 0 10 -133 10 123
11-2_270.png 0 10 -133 10 123
11-2_fl.png 0 10 -133 10 123
11-6.png 0 10 -153 31 122
11-6_90.png 0 10 -153 31 122
11-6_180.png 0 10 -153 31 122
11-6_270.png 0 10 -153 31 122
11-6_fl.png 0 10 -153 31 122
11-7.png 0 10 -152 30 122
11-7_90.png 0 10 -152 30 122
11-7_180.png 0 10 -152 30 122
11-7_270.png 0 10 -152 30 122
11-7_fl.png 0 10 -152 30 122
11-10.png 0 10 -140 16 124
11-10_90.png 0 10 -140 16 124
11-10_180.png 0 10 -140 16 124
11-10_270.png 0 10 -140 16 124
11-10_fl.png 0 10 -140 16 124
11-14.png 0 10 -118 -15 133
11-14_90.png 0 10 -118 -15 133
11-14_180.png 0 10 -118 -15 133
11-14_270.png 0 10 -118 -15 133
11-14_fl.png 0 10 -118 -15 133
12-1.png 5 10 -74 18 56
12-1_90.png 5 10 -74 18 56
12-1_180.png 5 10 -74 18 56
12-1_270.png 5 10 -74 18 56
12-1_fl.png 5 10 -74 18 56
12-3.png 5 10 -74 -3 77
12-3_90.png 5 10 -74 -3 77
12-3_180.png 5 10 -74 -3 77
12-3_270.png 5 10 -74 -3 77
12-3_fl.png 5 10 -74 -3 77
12-8.png 5 10 -71 -13 84
12-8_90.png 5 10 -71 -13 84
12-8_180.png 5 10 -71 -13 84
12-8_270.png 5 10 -71 -13 84
12-8_fl.png 5 10 -71 -13 84
12-10.png 5 10 -57 -24 81
12-10_90.png 5 10 -57 -24 81
12-10_180.png 5 10 -57 -24 81
12-10_270.png 5 10 -57 -24 81
12-10_fl.png 5 10 -57 -24 81
12-12.png 5 10 -61 -1 62
12-12_90.png 5 10 -61 -1 62
12-12_180.png 5 10 -61 -1 62
12-12_270.png 5 10 -61 -1 62
12-12_fl.png 5 10 -61 -1 62
13-3.png 10 10 10 9 -19
13-3_90.png 10 10 10 9 -19
13-3_180.png 10 10 10 9 -19
13-3_270.png 10 10 10 9 -19
13-3_fl.png 10 10 10 9 -19
13-8.png 10 10 5 16 -21
13-8_90.png 10 10 5 16 -21
13-8_180.png 10 10 5 16 -21
13-8_270.png 10 10 5 16 -21
13-8_fl.png 10 10 5 16 -21
13-12.png 10 10 11 -10 -1
13-12_90.png 10 10 11 -10 -1
13-12_180.png 10 10 11 -10 -1
13-12_270.png 10 10 11 -10 -1
13-12_fl.png 10 10 11 -10 -1
13-14.png 10 10 13 -6 -7
13-14_90.png 10 10 13 -6 -7
13-14_180.png 10 10 13 -6 -7
13-14_270.png 10 10 13 -6 -7
13-14_fl.png 10 10 13 -6 -7
13-15.png 10 10 -5 5 0
13-15_90.png 10 10 -5 5 0
13-15_180.png 10 10 -5 5 0
13-15_270.png 10 10 -5 5 0
13-15_fl.png 10 10 -5 5 0
14-5.png 15 10 91 -5 -86
14-5_90.png 15 10 91 -5 -86
14-5_180.png 15 10 91 -5 -86
14-5_270.png 15 10 91 -5 -86
14-5_fl.png 15 10 91 -5 -86
14-7.png 15 10 75 0 -75
14-7_90.png 15 10 75 0 -75
14-7_180.png 15 10 75 0 -75
14-7_270.png 15 10 75 0 -75
14-7_fl.png 15 10 75 0 -75
14-12.png 15 10 66 10 -76
14-12_90.png 15 10 66 10 -76
14-12_180.png 15 10 66 10 -76
14-12_270.png 15 10 66 10 -76
14-12_fl.png 15 10 66 10 -76
14-14.png 15 10 74 0 -74
14-14_90.png 15 10 74 0 -74
14-14_180.png 15 10 74 0 -74
14-14_270.png 15 10 74 0 -74
14-14_fl.png 15 10 74 0 -74
14-15.png 15 10 78 0 -78
14-15_90.png 15 10 78 0 -78
14-15_180.png 15 10 78 0 -78
14-15_270.png 15 10 78 0 -78
14-15_fl.png 15 10 78 0 -78
16-1.png 0 15 -75 -42 117
16-1_90.png 0 15 -75 -42 117
16-1_180.png 0 15 -75 -42 117
16-1_270.png 0 15 -75 -42 117
16-1_fl.png 0 15 -75 -42 117
16-3.png 0 15 -69 -33 102
16-3_90.png 0 15 -69 -33 102
16-3_180.png 0 15 -69 -33 102
16-3_270.png 0 15 -69 -33 102
16-3_fl.png 0 15 -69 -33 102
16-6.png 0 15 -54 -47 101
16-6_90.png 0 15 -54 -47 101
16-6_180.png 0 15 -54 -47 101
16-6_270.png 0 15 -54 -47 101
16-6_fl.png 0 15 -54 -47 101
16-9.png 0 15 -55 -53 108
16-9_90.png 0 15 -55 -53 108
16-9_180.png 0 15 -55 -53 108
16-9_270.png 0 15 -55 -53 108
16-9_fl.png 0 15 -55 -53 108
16-15.png 0 15 -60 -47 107
16-15_90.png 0 15 -60 -47 107
16-15_180.png 0 15 -60 -47 107
16-15_270.png 0 15 -60 -47 107
16-15_fl.png 0 15 -60 -47 107
18-1.png 10 15 89 -76 -13
18-1_90.png 10 15 89 -76 -13
18-1_180.png 10 15 89 -76 -13
18-1_270.png 10 15 89 -76 -13
18-1_fl.png 10 15 89 -76 -13
18-2.png 10 15 83 -70 -13
18-2_90.png 10 15 83 -70 -13
18-2_180.png 10 15 83 -70 -13
18-2_270.png 10 15 83 -70 -13
18-2_fl.png 10 15 83 -70 -13
18-8.png 10 15 77 -77 0
18-8_90.png 10 15 77 -77 0
18-8_180.png 10 15 77 -77 0
18-8_270.png 10 15 77 -77 0
18-8_fl.png 10 15 77 -77 0
18-12.png 10 15 75 -75 0
18-12_90.png 10 15 75 -75 0
18-12_180.png 10 15 75 -75 0
18-12_270.png 10 15 75 -75 0
18-12_fl.png 10 15 75 -75 0
18-14.png 10 15 77 -75 -2
18-14_90.png 10 15 77 -75 -2
18-14_180.png 10 15 77 -75 -2
18-14_270.png 10 15 77 -75 -2
18-14_fl.png 10 15 77 -75 -2
19-4.png 15 15 171 -98 -73
19-4_90.png 15 15 171 -98 -73
19-4_180.png 15 15 171 -98 -73
19-4_270.png 15 15 171 -98 -73
19-4_fl.png 15 15 171 -98 -73
19-5.png 15 15 153 -71 -82
19-5_90.png 15 15 153 -71 -82
19-5_180.png 15 15 153 -71 -82
19-5_270.png 15 15 153 -71 -82
19-5_fl.png 15 15 153 -71 -82
19-8.png 15 15 148 -73 -75
19-8_90.png 15 15 148 -73 -75
19-8_180.png 15 15 148 -73 -75
19-8_270.png 15 15 148 -73 -75
19-8_fl.png 15 15 148 -73 -75
19-9.png 15 15 158 -96 -62
19-9_90.png 15 15 158 -96 -62
19-9_180.png 15 15 158 -96 -62
19-9_270.png 15 15 158 -96 -62
19-9_fl.png 15 15 158 -96 -62
19-12.png 15 15 145 -93 -52
19-12_90.png 15 15 145 -93 -52
19-12_180.png 15 15 145 -93 -52
19-12_270.png 15 15 145 -93 -52
19-12_fl.png 15 15 145 -93 -52
20-4.png 20 15 251 -109 -142
20-4_90.png 20 15 251 -109 -142
20-4_180.png 20 15 251 -109 -142
20-4_270.png 20 15 251 -109 -142
20-4_fl.png 20 15 251 -109 -142
20-5.png 20 15 205 -114 -91
20-5_90.png 20 15 205 -114 -91
20-5_180.png 20 15 205 -114 -91
20-5_270.png 20 15 205 -114 -91
20-5_fl.png 20 15 205 -114 -91
20-9.png 20 15 235 -104 -131
20-9_90.png 20 15 235 -104 -131
20-9_180.png 20 15 235 -104 -131
20-9_270.png 20 15 235 -104 -131
20-9_fl.png 20 15 235 -104 -131
20-10.png 20 15 214 -108 -106
20-10_90.png 20 15 214 -108 -106
20-10_180.png 20 15 214 -108 -106
20-10_270.png 20 15 214 -108 -106
20-10_fl.png 20 15 214 -108 -106
20-15.png 20 15 213 -111 -102
20-15_90.png 20 15 213 -111 -102
20-15_180.png 20 15 213 -111 -102
20-15_270.png 20 15 213 -111 -102
20-15_fl.png 20 15 213 -111 -102
21-4.png 0 20 -5 -110 115
21-4_90.png 0 20 -5 -110 115
21-4_180.png 0 20 -5 -110 115
21-4_270.png 0 20 -5 -110 115
21-4_fl.png 0 20 -5 -110 115
21-8.png 0 20 11 -84 73
21-8_90.png 0 20 11 -84 73
21-8_180.png 0 20 11 -84 73
21-8_270.png 0 20 11 -84 73
21-8_fl.png 0 20 11 -84 73
21-10.png 0 20 -1 -94 95
21-10_90.png 0 20 -1 -94 95
21-10_180.png 0 20 -1 -94 95
21-10_270.png 0 20 -1 -94 95
21-10_fl.png 0 20 -1 -94 95
21-12.png 0 20 4 -90 86
21-12_90.png 0 20 4 -90 86
21-12_180.png 0 20 4 -90 86
21-12_270.png 0 20 4 -90 86
21-12_fl.png 0 20 4 -90 86
21-15.png 0 20 -3 -89 92
21-15_90.png 0 20 -3 -89 92
21-15_180.png 0 20 -3 -89 92
21-15_270.png 0 20 -3 -89 92
21-15_fl.png 0 20 -3 -89 92
22-3.png 5 20 62 -114 52
22-3_90.png 5 20 62 -114 52
22-3_180.png 5 20 62 -114 52
22-3_270.png 5 20 62 -114 52
22-3_fl.png 5 20 62 -114 52
22-5.png 5 20 58 -103 45
22-5_90.png 5 20 58 -103 45
22-5_180.png 5 20 58 -103 45
22-5_270.png 5 20 58 -103 45
22-5_fl.png 5 20 58 -103 45
22-7.png 5 20 63 -115 52
22-7_90.png 5 20 63 -115 52
22-7_180.png 5 20 63 -115 52
22-7_270.png 5 20 63 -115 52
22-7_fl.png 5 20 63 -115 52
22-11.png 5 20 55 -98 43
22-11_90.png 5 20 55 -98 43
22-11_180.png 5 20 55 -98 43
22-11_270.png 5 20 55 -98 43
22-11_fl.png 5 20 55 -98 43
22-12.png 5 20 63 -107 44
22-12_90.png 5 20 63 -107 44
22-12_180.png 5 20 63 -107 44
22-12_270.png 5 20 63 -107 44
22-12_fl.png 5 20 63 -107 44
23-2.png 10 20 140 -124 -16
23-2_90.png 10 20 140 -124 -16
23-2_180.png 10 20 140 -124 -16
23-2_270.png 10 20 140 -124 -16
23-2_fl.png 10 20 140 -124 -16
23-8.png 10 20 142 -124 -18
23-8_90.png 10 20 142 -124 -18
23-8_180.png 10 20 142 -124 -18
23-8_270.png 10 20 142 -124 -18
23-8_fl.png 10 20 142 -124 -18
23-9.png 10 20 142 -134 -8
23-9_90.png 10 20 142 -134 -8
23-9_180.png 10 20 142 -134 -8
23-9_270.png 10 20 142 -134 -8
23-9_fl.png 10 20 142 -134 -8
23-11.png 10 20 141 -133 -8
23-11_90.png 10 20 141 -133 -8
23-11_180.png 10 20 141 -133 -8
23-11_270.png 10 20 141 -133 -8
23-11_fl.png 10 20 141 -133 -8
23-14.png 10 20 126 -133 7
23-14_90.png 10 20 126 -133 7
23-14_180.png 10 20 126 -133 7
23-14_270.png 10 20 126 -133 7
23-14_fl.png 10 20 126 -133 7
25-7.png 20 20 293 -196 -97
25-7_90.png 20 20 293 -196 -97
25-7_180.png 20 20 293 -196 -97
25-7_270.png 20 20 293 -196 -97
25-7_fl.png 20 20 293 -196 -97
25-10.png 20 20 283 -194 -89
25-10_90.png 20 20 283 -194 -89
25-10_180.png 20 20 283 -194 -89
25-10_270.png 20 20 283 -194 -89
25-10_fl.png 20 20 283 -194 -89
25-12.png 20 20 300 -203 -97
25-12_90.png 20 20 300 -203 -97
25-12_180.png 20 20 300 -203 -97
25-12_270.png 20 20 300 -203 -97
25-12_fl.png 20 20 300 -203 -97
25-13.png 20 20 318 -202 -116
25-13_90.png 20 20 318 -202 -116
25-13_180.png 20 20 318 -202 -116
25-13_270.png 20 20 318 -202 -116
25-13_fl.png 20 20 318 -202 -116
25-15.png 20 20 312 -200 -112
25-15_90.png 20 20 312 -200 -112
25-15_180.png 20 20 312 -200 -112
25-15_270.png 20 20 312 -200 -112
25-15_fl.png 20 20 312 -200 -112
