1-1.png 0 0 -288 83 205
1-1_90.png 0 0 -288 83 205
1-1_180.png 0 0 -288 83 205
1-1_270.png 0 0 -288 83 205
1-1_fl.png 0 0 -288 83 205
1-2.png 0 0 -289 83 206
1-2_90.png 0 0 -289 83 206
1-2_180.png 0 0 -289 83 206
1-2_270.png 0 0 -289 83 206
1-2_fl.png 0 0 -289 83 206
1-3.png 0 0 -289 83 206
1-3_90.png 0 0 -289 83 206
1-3_180.png 0 0 -289 83 206
1-3_270.png 0 0 -289 83 206
1-3_fl.png 0 0 -289 83 206
1-4.png 0 0 -289 83 206
1-4_90.png 0 0 -289 83 206
1-4_180.png 0 0 -289 83 206
1-4_270.png 0 0 -289 83 206
1-4_fl.png 0 0 -289 83 206
1-5.png 0 0 -292 81 211
1-5_90.png 0 0 -292 81 211
1-5_180.png 0 0 -292 81 211
1-5_270.png 0 0 -292 81 211
1-5_fl.png 0 0 -292 81 211
1-6.png 0 0 -289 89 200
1-6_90.png 0 0 -289 89 200
1-6_180.png 0 0 -289 89 200
1-6_270.png 0 0 -289 89 200
1-6_fl.png 0 0 -289 89 200
1-7.png 0 0 -291 86 205
1-7_90.png 0 0 -291 86 205
1-7_180.png 0 0 -291 86 205
1-7_270.png 0 0 -291 86 205
1-7_fl.png 0 0 -291 86 205
1-8.png 0 0 -296 89 207
1-8_90.png 0 0 -296 89 207
1-8_180.png 0 0 -296 89 207
1-8_270.png 0 0 -296 89 207
1-8_fl.png 0 0 -296 89 207
1-9.png 0 0 -288 87 201
1-9_90.png 0 0 -288 87 201
1-9_180.png 0 0 -288 87 201
1-9_270.png 0 0 -288 87 201
1-9_fl.png 0 0 -288 87 201
1-10.png 0 0 -288 82 206
1-10_90.png 0 0 -288 82 206
1-10_180.png 0 0 -288 82 206
1-10_270.png 0 0 -288 82 206
1-10_fl.png 0 0 -288 82 206
1-11.png 0 0 -297 90 207
1-11_90.png 0 0 -297 90 207
1-11_180.png 0 0 -297 90 207
1-11_270.png 0 0 -297 90 207
1-11_fl.png 0 0 -297 90 207
2-1.png 5 0 -208 101 107
2-1_90.png 5 0 -208 101 107
2-1_180.png 5 0 -208 101 107
2-1_270.png 5 0 -208 101 107
2-1_fl.png 5 0 -208 101 107
2-2.png 5 0 -209 100 109
2-2_90.png 5 0 -209 100 109
2-2_180.png 5 0 -209 100 109
2-2_270.png 5 0 -209 100 109
2-2_fl.png 5 0 -209 100 109
2-3.png 5 0 -212 100 112
2-3_90.png 5 0 -212 100 112
2-3_180.png 5 0 -212 100 112
2-3_270.png 5 0 -212 100 112
2-3_fl.png 5 0 -212 100 112
2-4.png 5 0 -210 101 109
2-4_90.png 5 0 -210 101 109
2-4_180.png 5 0 -210 101 109
2-4_270.png 5 0 -210 101 109
2-4_fl.png 5 0 -210 101 109
2-5.png 5 0 -210 101 109
2-5_90.png 5 0 -210 101 109
2-5_180.png 5 0 -210 101 109
2-5_270.png 5 0 -210 101 109
2-5_fl.png 5 0 -210 101 109
2-6.png 5 0 -215 100 115
2-6_90.png 5 0 -215 100 115
2-6_180.png 5 0 -215 100 115
2-6_270.png 5 0 -215 100 115
2-6_fl.png 5 0 -215 100 115
2-7.png 5 0 -210 101 109
2-7_90.png 5 0 -210 101 109
2-7_180.png 5 0 -210 101 109
2-7_270.png 5 0 -210 101 109
2-7_fl.png 5 0 -210 101 109
2-8.png 5 0 -211 101 110
2-8_90.png 5 0 -211 101 110
2-8_180.png 5 0 -211 101 110
2-8_270.png 5 0 -211 101 110
2-8_fl.png 5 0 -211 101 110
2-9.png 5 0 -210 100 110
2-9_90.png 5 0 -210 100 110
2-9_180.png 5 0 -210 100 110
2-9_270.png 5 0 -210 100 110
2-9_fl.png 5 0 -210 100 110
2-10.png 5 0 -216 101 115
2-10_90.png 5 0 -216 101 115
2-10_180.png 5 0 -216 101 115
2-10_270.png 5 0 -216 101 115
2-10_fl.png 5 0 -216 101 115
2-11.png 5 0 -210 102 108
2-11_90.png 5 0 -210 102 108
2-11_180.png 5 0 -210 102 108
2-11_270.png 5 0 -210 102 108
2-11_fl.png 5 0 -210 102 108
3-1.png 10 0 -129 126 3
3-1_90.png 10 0 -129 126 3
3-1_180.png 10 0 -129 126 3
3-1_270.png 10 0 -129 126 3
3-1_fl.png 10 0 -129 126 3
3-2.png 10 0 -128 125 3
3-2_90.png 10 0 -128 125 3
3-2_180.png 10 0 -128 125 3
3-2_270.png 10 0 -128 125 3
3-2_fl.png 10 0 -128 125 3
3-3.png 10 0 -126 126 0
3-3_90.png 10 0 -126 126 0
3-3_180.png 10 0 -126 126 0
3-3_270.png 10 0 -126 126 0
3-3_fl.png 10 0 -126 126 0
3-4.png 10 0 -130 126 4
3-4_90.png 10 0 -130 126 4
3-4_180.png 10 0 -130 126 4
3-4_270.png 10 0 -130 126 4
3-4_fl.png 10 0 -130 126 4
3-5.png 10 0 -128 127 1
3-5_90.png 10 0 -128 127 1
3-5_180.png 10 0 -128 127 1
3-5_270.png 10 0 -128 127 1
3-5_fl.png 10 0 -128 127 1
3-6.png 10 0 -127 127 0
3-6_90.png 10 0 -127 127 0
3-6_180.png 10 0 -127 127 0
3-6_270.png 10 0 -127 127 0
3-6_fl.png 10 0 -127 127 0
3-7.png 10 0 -133 126 7
3-7_90.png 10 0 -133 126 7
3-7_180.png 10 0 -133 126 7
3-7_270.png 10 0 -133 126 7
3-7_fl.png 10 0 -133 126 7
3-8.png 10 0 -131 126 5
3-8_90.png 10 0 -131 126 5
3-8_180.png 10 0 -131 126 5
3-8_270.png 10 0 -131 126 5
3-8_fl.png 10 0 -131 126 5
3-9.png 10 0 -127 127 0
3-9_90.png 10 0 -127 127 0
3-9_180.png 10 0 -127 127 0
3-9_270.png 10 0 -127 127 0
3-9_fl.png 10 0 -127 127 0
3-10.png 10 0 -129 132 -3
3-10_90.png 10 0 -129 132 -3
3-10_180.png 10 0 -129 132 -3
3-10_270.png 10 0 -129 132 -3
3-10_fl.png 10 0 -129 132 -3
3-11.png 10 0 -130 126 4
3-11_90.png 10 0 -130 126 4
3-11_180.png 10 0 -130 126 4
3-11_270.png 10 0 -130 126 4
3-11_fl.png 10 0 -130 126 4
4-1.png 15 0 -60 154 -94
4-1_90.png 15 0 -60 154 -94
4-1_180.png 15 0 -60 154 -94
4-1_270.png 15 0 -60 154 -94
4-1_fl.png 15 0 -60 154 -94
4-2.png 15 0 -64 157 -93
4-2_90.png 15 0 -64 157 -93
4-2_180.png 15 0 -64 157 -93
4-2_270.png 15 0 -64 157 -93
4-2_fl.png 15 0 -64 157 -93
4-3.png 15 0 -64 157 -93
4-3_90.png 15 0 -64 157 -93
4-3_180.png 15 0 -64 157 -93
4-3_270.png 15 0 -64 157 -93
4-3_fl.png 15 0 -64 157 -93
4-4.png 15 0 -65 158 -93
4-4_90.png 15 0 -65 158 -93
4-4_180.png 15 0 -65 158 -93
4-4_270.png 15 0 -65 158 -93
4-4_fl.png 15 0 -65 158 -93
4-5.png 15 0 -64 157 -93
4-5_90.png 15 0 -64 157 -93
4-5_180.png 15 0 -64 157 -93
4-5_270.png 15 0 -64 157 -93
4-5_fl.png 15 0 -64 157 -93
4-6.png 15 0 -65 157 -92
4-6_90.png 15 0 -65 157 -92
4-6_180.png 15 0 -65 157 -92
4-6_270.png 15 0 -65 157 -92
4-6_fl.png 15 0 -65 157 -92
4-7.png 15 0 -64 157 -93
4-7_90.png 15 0 -64 157 -93
4-7_180.png 15 0 -64 157 -93
4-7_270.png 15 0 -64 157 -93
4-7_fl.png 15 0 -64 157 -93
4-8.png 15 0 -61 154 -93
4-8_90.png 15 0 -61 154 -93
4-8_180.png 15 0 -61 154 -93
4-8_270.png 15 0 -61 154 -93
4-8_fl.png 15 0 -61 154 -93
4-9.png 15 0 -60 157 -97
4-9_90.png 15 0 -60 157 -97
4-9_180.png 15 0 -60 157 -97
4-9_270.png 15 0 -60 157 -97
4-9_fl.png 15 0 -60 157 -97
4-10.png 15 0 -58 153 -95
4-10_90.png 15 0 -58 153 -95
4-10_180.png 15 0 -58 153 -95
4-10_270.png 15 0 -58 153 -95
4-10_fl.png 15 0 -58 153 -95
4-11.png 15 0 -64 157 -93
4-11_90.png 15 0 -64 157 -93
4-11_180.png 15 0 -64 157 -93
4-11_270.png 15 0 -64 157 -93
4-11_fl.png 15 0 -64 157 -93
5-1.png 20 0 1 187 -188
5-1_90.png 20 0 1 187 -188
5-1_180.png 20 0 1 187 -188
5-1_270.png 20 0 1 187 -188
5-1_fl.png 20 0 1 187 -188
5-2.png 20 0 0 196 -196
5-2_90.png 20 0 0 196 -196
5-2_180.png 20 0 0 196 -196
5-2_270.png 20 0 0 196 -196
5-2_fl.png 20 0 0 196 -196
5-3.png 20 0 17 189 -206
5-3_90.png 20 0 17 189 -206
5-3_180.png 20 0 17 189 -206
5-3_270.png 20 0 17 189 -206
5-3_fl.png 20 0 17 189 -206
5-4.png 20 0 2 192 -194
5-4_90.png 20 0 2 192 -194
5-4_180.png 20 0 2 192 -194
5-4_270.png 20 0 2 192 -194
5-4_fl.png 20 0 2 192 -194
5-5.png 20 0 3 187 -190
5-5_90.png 20 0 3 187 -190
5-5_180.png 20 0 3 187 -190
5-5_270.png 20 0 3 187 -190
5-5_fl.png 20 0 3 187 -190
5-6.png 20 0 4 192 -196
5-6_90.png 20 0 4 192 -196
5-6_180.png 20 0 4 192 -196
5-6_270.png 20 0 4 192 -196
5-6_fl.png 20 0 4 192 -196
5-7.png 20 0 1 186 -187
5-7_90.png 20 0 1 186 -187
5-7_180.png 20 0 1 186 -187
5-7_270.png 20 0 1 186 -187
5-7_fl.png 20 0 1 186 -187
5-8.png 20 0 1 187 -188
5-8_90.png 20 0 1 187 -188
5-8_180.png 20 0 1 187 -188
5-8_270.png 20 0 1 187 -188
5-8_fl.png 20 0 1 187 -188
5-9.png 20 0 1 186 -187
5-9_90.png 20 0 1 186 -187
5-9_180.png 20 0 1 186 -187
5-9_270.png 20 0 1 186 -187
5-9_fl.png 20 0 1 186 -187
5-10.png 20 0 1 185 -186
5-10_90.png 20 0 1 185 -186
5-10_180.png 20 0 1 185 -186
5-10_270.png 20 0 1 185 -186
5-10_fl.png 20 0 1 185 -186
5-11.png 20 0 -1 192 -191
5-11_90.png 20 0 -1 192 -191
5-11_180.png 20 0 -1 192 -191
5-11_270.png 20 0 -1 192 -191
5-11_fl.png 20 0 -1 192 -191
6-1.png 0 5 -212 48 164
6-1_90.png 0 5 -212 48 164
6-1_180.png 0 5 -212 48 164
6-1_270.png 0 5 -212 48 164
6-1_fl.png 0 5 -212 48 164
6-2.png 0 5 -209 52 157
6-2_90.png 0 5 -209 52 157
6-2_180.png 0 5 -209 52 157
6-2_270.png 0 5 -209 52 157
6-2_fl.png 0 5 -209 52 157
6-3.png 0 5 -210 51 159
6-3_90.png 0 5 -210 51 159
6-3_180.png 0 5 -210 51 159
6-3_270.png 0 5 -210 51 159
6-3_fl.png 0 5 -210 51 159
6-4.png 0 5 -208 50 158
6-4_90.png 0 5 -208 50 158
6-4_180.png 0 5 -208 50 158
6-4_270.png 0 5 -208 50 158
6-4_fl.png 0 5 -208 50 158
6-5.png 0 5 -210 51 159
6-5_90.png 0 5 -210 51 159
6-5_180.png 0 5 -210 51 159
6-5_270.png 0 5 -210 51 159
6-5_fl.png 0 5 -210 51 159
6-6.png 0 5 -209 51 158
6-6_90.png 0 5 -209 51 158
6-6_180.png 0 5 -209 51 158
6-6_270.png 0 5 -209 51 158
6-6_fl.png 0 5 -209 51 158
6-7.png 0 5 -208 49 159
6-7_90.png 0 5 -208 49 159
6-7_180.png 0 5 -208 49 159
6-7_270.png 0 5 -208 49 159
6-7_fl.png 0 5 -208 49 159
6-8.png 0 5 -208 50 158
6-8_90.png 0 5 -208 50 158
6-8_180.png 0 5 -208 50 158
6-8_270.png 0 5 -208 50 158
6-8_fl.png 0 5 -208 50 158
6-9.png 0 5 -209 50 159
6-9_90.png 0 5 -209 50 159
6-9_180.png 0 5 -209 50 159
6-9_270.png 0 5 -209 50 159
6-9_fl.png 0 5 -209 50 159
6-10.png 0 5 -210 51 159
6-10_90.png 0 5 -210 51 159
6-10_180.png 0 5 -210 51 159
6-10_270.png 0 5 -210 51 159
6-10_fl.png 0 5 -210 51 159
6-11.png 0 5 -209 50 159
6-11_90.png 0 5 -209 50 159
6-11_180.png 0 5 -209 50 159
6-11_270.png 0 5 -209 50 159
6-11_fl.png 0 5 -209 50 159
7-1.png 5 5 -142 59 83
7-1_90.png 5 5 -142 59 83
7-1_180.png 5 5 -142 59 83
7-1_270.png 5 5 -142 59 83
7-1_fl.png 5 5 -142 59 83
7-2.png 5 5 -144 58 86
7-2_90.png 5 5 -144 58 86
7-2_180.png 5 5 -144 58 86
7-2_270.png 5 5 -144 58 86
7-2_fl.png 5 5 -144 58 86
7-3.png 5 5 -146 60 86
7-3_90.png 5 5 -146 60 86
7-3_180.png 5 5 -146 60 86
7-3_270.png 5 5 -146 60 86
7-3_fl.png 5 5 -146 60 86
7-4.png 5 5 -146 59 87
7-4_90.png 5 5 -146 59 87
7-4_180.png 5 5 -146 59 87
7-4_270.png 5 5 -146 59 87
7-4_fl.png 5 5 -146 59 87
7-5.png 5 5 -144 58 86
7-5_90.png 5 5 -144 58 86
7-5_180.png 5 5 -144 58 86
7-5_270.png 5 5 -144 58 86
7-5_fl.png 5 5 -144 58 86
7-6.png 5 5 -144 55 89
7-6_90.png 5 5 -144 55 89
7-6_180.png 5 5 -144 55 89
7-6_270.png 5 5 -144 55 89
7-6_fl.png 5 5 -144 55 89
7-7.png 5 5 -149 60 89
7-7_90.png 5 5 -149 60 89
7-7_180.png 5 5 -149 60 89
7-7_270.png 5 5 -149 60 89
7-7_fl.png 5 5 -149 60 89
7-8.png 5 5 -148 56 92
7-8_90.png 5 5 -148 56 92
7-8_180.png 5 5 -148 56 92
7-8_270.png 5 5 -148 56 92
7-8_fl.png 5 5 -148 56 92
7-9.png 5 5 -148 59 89
7-9_90.png 5 5 -148 59 89
7-9_180.png 5 5 -148 59 89
7-9_270.png 5 5 -148 59 89
7-9_fl.png 5 5 -148 59 89
7-10.png 5 5 -145 58 87
7-10_90.png 5 5 -145 58 87
7-10_180.png 5 5 -145 58 87
7-10_270.png 5 5 -145 58 87
7-10_fl.png 5 5 -145 58 87
7-11.png 5 5 -145 57 88
7-11_90.png 5 5 -145 57 88
7-11_180.png 5 5 -145 57 88
7-11_270.png 5 5 -145 57 88
7-11_fl.png 5 5 -145 57 88
8-1.png 10 5 -73 69 4
8-1_90.png 10 5 -73 69 4
8-1_180.png 10 5 -73 69 4
8-1_270.png 10 5 -73 69 4
8-1_fl.png 10 5 -73 69 4
8-2.png 10 5 -69 68 1
8-2_90.png 10 5 -69 68 1
8-2_180.png 10 5 -69 68 1
8-2_270.png 10 5 -69 68 1
8-2_fl.png 10 5 -69 68 1
8-3.png 10 5 -78 69 9
8-3_90.png 10 5 -78 69 9
8-3_180.png 10 5 -78 69 9
8-3_270.png 10 5 -78 69 9
8-3_fl.png 10 5 -78 69 9
8-4.png 10 5 -75 70 5
8-4_90.png 10 5 -75 70 5
8-4_180.png 10 5 -75 70 5
8-4_270.png 10 5 -75 70 5
8-4_fl.png 10 5 -75 70 5
8-5.png 10 5 -75 69 6
8-5_90.png 10 5 -75 69 6
8-5_180.png 10 5 -75 69 6
8-5_270.png 10 5 -75 69 6
8-5_fl.png 10 5 -75 69 6
8-6.png 10 5 -69 65 4
8-6_90.png 10 5 -69 65 4
8-6_180.png 10 5 -69 65 4
8-6_270.png 10 5 -69 65 4
8-6_fl.png 10 5 -69 65 4
8-7.png 10 5 -71 67 4
8-7_90.png 10 5 -71 67 4
8-7_180.png 10 5 -71 67 4
8-7_270.png 10 5 -71 67 4
8-7_fl.png 10 5 -71 67 4
8-8.png 10 5 -76 69 7
8-8_90.png 10 5 -76 69 7
8-8_180.png 10 5 -76 69 7
8-8_270.png 10 5 -76 69 7
8-8_fl.png 10 5 -76 69 7
8-9.png 10 5 -74 68 6
8-9_90.png 10 5 -74 68 6
8-9_180.png 10 5 -74 68 6
8-9_270.png 10 5 -74 68 6
8-9_fl.png 10 5 -74 68 6
8-10.png 10 5 -77 70 7
8-10_90.png 10 5 -77 70 7
8-10_180.png 10 5 -77 70 7
8-10_270.png 10 5 -77 70 7
8-10_fl.png 10 5 -77 70 7
8-11.png 10 5 -71 68 3
8-11_90.png 10 5 -71 68 3
8-11_180.png 10 5 -71 68 3
8-11_270.png 10 5 -71 68 3
8-11_fl.png 10 5 -71 68 3
9-1.png 15 5 -5 86 -81
9-1_90.png 15 5 -5 86 -81
9-1_180.png 15 5 -5 86 -81
9-1_270.png 15 5 -5 86 -81
9-1_fl.png 15 5 -5 86 -81
9-2.png 15 5 0 82 -82
9-2_90.png 15 5 0 82 -82
9-2_180.png 15 5 0 82 -82
9-2_270.png 15 5 0 82 -82
9-2_fl.png 15 5 0 82 -82
9-3.png 15 5 -4 86 -82
9-3_90.png 15 5 -4 86 -82
9-3_180.png 15 5 -4 86 -82
9-3_270.png 15 5 -4 86 -82
9-3_fl.png 15 5 -4 86 -82
9-4.png 15 5 -4 84 -80
9-4_90.png 15 5 -4 84 -80
9-4_180.png 15 5 -4 84 -80
9-4_270.png 15 5 -4 84 -80
9-4_fl.png 15 5 -4 84 -80
9-5.png 15 5 -3 84 -81
9-5_90.png 15 5 -3 84 -81
9-5_180.png 15 5 -3 84 -81
9-5_270.png 15 5 -3 84 -81
9-5_fl.png 15 5 -3 84 -81
9-6.png 15 5 -6 84 -78
9-6_90.png 15 5 -6 84 -78
9-6_180.png 15 5 -6 84 -78
9-6_270.png 15 5 -6 84 -78
9-6_fl.png 15 5 -6 84 -78
9-7.png 15 5 4 80 -84
9-7_90.png 15 5 4 80 -84
9-7_180.png 15 5 4 80 -84
9-7_270.png 15 5 4 80 -84
9-7_fl.png 15 5 4 80 -84
9-8.png 15 5 -3 84 -81
9-8_90.png 15 5 -3 84 -81
9-8_180.png 15 5 -3 84 -81
9-8_270.png 15 5 -3 84 -81
9-8_fl.png 15 5 -3 84 -81
9-9.png 15 5 -1 81 -80
9-9_90.png 15 5 -1 81 -80
9-9_180.png 15 5 -1 81 -80
9-9_270.png 15 5 -1 81 -80
9-9_fl.png 15 5 -1 81 -80
9-10.png 15 5 -2 82 -80
9-10_90.png 15 5 -2 82 -80
9-10_180.png 15 5 -2 82 -80
9-10_270.png 15 5 -2 82 -80
9-10_fl.png 15 5 -2 82 -80
9-11.png 15 5 -2 83 -81
9-11_90.png 15 5 -2 83 -81
9-11_180.png 15 5 -2 83 -81
9-11_270.png 15 5 -2 83 -81
9-11_fl.png 15 5 -2 83 -81
10-1.png 20 5 57 89 -146
10-1_90.png 20 5 57 89 -146
10-1_180.png 20 5 57 89 -146
10-1_270.png 20 5 57 89 -146
10-1_fl.png 20 5 57 89 -146
10-2.png 20 5 61 88 -149
10-2_90.png 20 5 61 88 -149
10-2_180.png 20 5 61 88 -149
10-2_270.png 20 5 61 88 -149
10-2_fl.png 20 5 61 88 -149
10-3.png 20 5 58 91 -149
10-3_90.png 20 5 58 91 -149
10-3_180.png 20 5 58 91 -149
10-3_270.png 20 5 58 91 -149
10-3_fl.png 20 5 58 91 -149
10-4.png 20 5 59 87 -146
10-4_90.png 20 5 59 87 -146
10-4_180.png 20 5 59 87 -146
10-4_270.png 20 5 59 87 -146
10-4_fl.png 20 5 59 87 -146
10-5.png 20 5 63 91 -154
10-5_90.png 20 5 63 91 -154
10-5_180.png 20 5 63 91 -154
10-5_270.png 20 5 63 91 -154
10-5_fl.png 20 5 63 91 -154
10-6.png 20 5 59 87 -146
10-6_90.png 20 5 59 87 -146
10-6_180.png 20 5 59 87 -146
10-6_270.png 20 5 59 87 -146
10-6_fl.png 20 5 59 87 -146
10-7.png 20 5 59 88 -147
10-7_90.png 20 5 59 88 -147
10-7_180.png 20 5 59 88 -147
10-7_270.png 20 5 59 88 -147
10-7_fl.png 20 5 59 88 -147
10-8.png 20 5 65 89 -154
10-8_90.png 20 5 65 89 -154
10-8_180.png 20 5 65 89 -154
10-8_270.png 20 5 65 89 -154
10-8_fl.png 20 5 65 89 -154
10-9.png 20 5 59 87 -146
10-9_90.png 20 5 59 87 -146
10-9_180.png 20 5 59 87 -146
10-9_270.png 20 5 59 87 -146
10-9_fl.png 20 5 59 87 -146
10-10.png 20 5 58 92 -150
10-10_90.png 20 5 58 92 -150
10-10_180.png 20 5 58 92 -150
10-10_270.png 20 5 58 92 -150
10-10_fl.png 20 5 58 92 -150
10-11.png 20 5 61 87 -148
10-11_90.png 20 5 61 87 -148
10-11_180.png 20 5 61 87 -148
10-11_270.png 20 5 61 87 -148
10-11_fl.png 20 5 61 87 -148
11-1.png 0 10 -129 3 126
11-1_90.png 0 10 -129 3 126
11-1_180.png 0 10 -129 3 126
11-1_270.png 0 10 -129 3 126
11-1_fl.png 0 10 -129 3 126
11-2.png 0 10 -129 3 126
11-2_90.png 0 10 -129 3 126
11-2_180.png 0 10 -129 3 126
11-2_270.png 0 10 -129 3 126
11-2_fl.png 0 10 -129 3 126
11-3.png 0 10 -133 3 130
11-3_90.png 0 10 -133 3 130
11-3_180.png 0 10 -133 3 130
11-3_270.png 0 10 -133 3 130
11-3_fl.png 0 10 -133 3 130
11-4.png 0 10 -128 0 128
11-4_90.png 0 10 -128 0 128
11-4_180.png 0 10 -128 0 128
11-4_270.png 0 10 -128 0 128
11-4_fl.png 0 10 -128 0 128
11-5.png 0 10 -126 -1 127
11-5_90.png 0 10 -126 -1 127
11-5_180.png 0 10 -126 -1 127
11-5_270.png 0 10 -126 -1 127
11-5_fl.png 0 10 -126 -1 127
11-6.png 0 10 -127 3 124
11-6_90.png 0 10 -127 3 124
11-6_180.png 0 10 -127 3 124
11-6_270.png 0 10 -127 3 124
11-6_fl.png 0 10 -127 3 124
11-7.png 0 10 -132 3 129
11-7_90.png 0 10 -132 3 129
11-7_180.png 0 10 -132 3 129
11-7_270.png 0 10 -132 3 129
11-7_fl.png 0 10 -132 3 129
11-8.png 0 10 -129 0 129
11-8_90.png 0 10 -129 0 129
11-8_180.png 0 10 -129 0 129
11-8_270.png 0 10 -129 0 129
11-8_fl.png 0 10 -129 0 129
11-9.png 0 10 -125 -2 127
11-9_90.png 0 10 -125 -2 127
11-9_180.png 0 10 -125 -2 127
11-9_270.png 0 10 -125 -2 127
11-9_fl.png 0 10 -125 -2 127
11-10.png 0 10 -127 3 124
11-10_90.png 0 10 -127 3 124
11-10_180.png 0 10 -127 3 124
11-10_270.png 0 10 -127 3 124
11-10_fl.png 0 10 -127 3 124
11-11.png 0 10 -129 3 126
11-11_90.png 0 10 -129 3 126
11-11_180.png 0 10 -129 3 126
11-11_270.png 0 10 -129 3 126
11-11_fl.png 0 10 -129 3 126
12-1.png 5 10 -71 3 68
12-1_90.png 5 10 -71 3 68
12-1_180.png 5 10 -71 3 68
12-1_270.png 5 10 -71 3 68
12-1_fl.png 5 10 -71 3 68
12-2.png 5 10 -72 2 70
12-2_90.png 5 10 -72 2 70
12-2_180.png 5 10 -72 2 70
12-2_270.png 5 10 -72 2 70
12-2_fl.png 5 10 -72 2 70
12-3.png 5 10 -70 3 67
12-3_90.png 5 10 -70 3 67
12-3_180.png 5 10 -70 3 67
12-3_270.png 5 10 -70 3 67
12-3_fl.png 5 10 -70 3 67
12-4.png 5 10 -67 2 65
12-4_90.png 5 10 -67 2 65
12-4_180.png 5 10 -67 2 65
12-4_270.png 5 10 -67 2 65
12-4_fl.png 5 10 -67 2 65
12-5.png 5 10 -66 -3 69
12-5_90.png 5 10 -66 -3 69
12-5_180.png 5 10 -66 -3 69
12-5_270.png 5 10 -66 -3 69
12-5_fl.png 5 10 -66 -3 69
12-6.png 5 10 -67 2 65
12-6_90.png 5 10 -67 2 65
12-6_180.png 5 10 -67 2 65
12-6_270.png 5 10 -67 2 65
12-6_fl.png 5 10 -67 2 65
12-7.png 5 10 -64 -3 67
12-7_90.png 5 10 -64 -3 67
12-7_180.png 5 10 -64 -3 67
12-7_270.png 5 10 -64 -3 67
12-7_fl.png 5 10 -64 -3 67
12-8.png 5 10 -68 0 68
12-8_90.png 5 10 -68 0 68
12-8_180.png 5 10 -68 0 68
12-8_270.png 5 10 -68 0 68
12-8_fl.png 5 10 -68 0 68
12-9.png 5 10 -65 -3 68
12-9_90.png 5 10 -65 -3 68
12-9_180.png 5 10 -65 -3 68
12-9_270.png 5 10 -65 -3 68
12-9_fl.png 5 10 -65 -3 68
12-10.png 5 10 -64 0 64
12-10_90.png 5 10 -64 0 64
12-10_180.png 5 10 -64 0 64
12-10_270.png 5 10 -64 0 64
12-10_fl.png 5 10 -64 0 64
12-11.png 5 10 -71 4 67
12-11_90.png 5 10 -71 4 67
12-11_180.png 5 10 -71 4 67
12-11_270.png 5 10 -71 4 67
12-11_fl.png 5 10 -71 4 67
13-1.png 10 10 -1 2 -1
13-1_90.png 10 10 -1 2 -1
13-1_180.png 10 10 -1 2 -1
13-1_270.png 10 10 -1 2 -1
13-1_fl.png 10 10 -1 2 -1
13-2.png 10 10 4 -6 2
13-2_90.png 10 10 4 -6 2
13-2_180.png 10 10 4 -6 2
13-2_270.png 10 10 4 -6 2
13-2_fl.png 10 10 4 -6 2
13-3.png 10 10 -1 0 1
13-3_90.png 10 10 -1 0 1
13-3_180.png 10 10 -1 0 1
13-3_270.png 10 10 -1 0 1
13-3_fl.png 10 10 -1 0 1
13-4.png 10 10 -2 0 2
13-4_90.png 10 10 -2 0 2
13-4_180.png 10 10 -2 0 2
13-4_270.png 10 10 -2 0 2
13-4_fl.png 10 10 -2 0 2
13-5.png 10 10 4 -4 0
13-5_90.png 10 10 4 -4 0
13-5_180.png 10 10 4 -4 0
13-5_270.png 10 10 4 -4 0
13-5_fl.png 10 10 4 -4 0
13-6.png 10 10 4 -7 3
13-6_90.png 10 10 4 -7 3
13-6_180.png 10 10 4 -7 3
13-6_270.png 10 10 4 -7 3
13-6_fl.png 10 10 4 -7 3
13-7.png 10 10 1 -1 0
13-7_90.png 10 10 1 -1 0
13-7_180.png 10 10 1 -1 0
13-7_270.png 10 10 1 -1 0
13-7_fl.png 10 10 1 -1 0
13-8.png 10 10 -2 0 2
13-8_90.png 10 10 -2 0 2
13-8_180.png 10 10 -2 0 2
13-8_270.png 10 10 -2 0 2
13-8_fl.png 10 10 -2 0 2
13-9.png 10 10 -1 1 0
13-9_90.png 10 10 -1 1 0
13-9_180.png 10 10 -1 1 0
13-9_270.png 10 10 -1 1 0
13-9_fl.png 10 10 -1 1 0
13-10.png 10 10 -2 1 1
13-10_90.png 10 10 -2 1 1
13-10_180.png 10 10 -2 1 1
13-10_270.png 10 10 -2 1 1
13-10_fl.png 10 10 -2 1 1
13-11.png 10 10 -5 3 2
13-11_90.png 10 10 -5 3 2
13-11_180.png 10 10 -5 3 2
13-11_270.png 10 10 -5 3 2
13-11_fl.png 10 10 -5 3 2
14-1.png 15 10 73 -5 -68
14-1_90.png 15 10 73 -5 -68
14-1_180.png 15 10 73 -5 -68
14-1_270.png 15 10 73 -5 -68
14-1_fl.png 15 10 73 -5 -68
14-2.png 15 10 68 -3 -65
14-2_90.png 15 10 68 -3 -65
14-2_180.png 15 10 68 -3 -65
14-2_270.png 15 10 68 -3 -65
14-2_fl.png 15 10 68 -3 -65
14-3.png 15 10 70 -5 -65
14-3_90.png 15 10 70 -5 -65
14-3_180.png 15 10 70 -5 -65
14-3_270.png 15 10 70 -5 -65
14-3_fl.png 15 10 70 -5 -65
14-4.png 15 10 67 -4 -63
14-4_90.png 15 10 67 -4 -63
14-4_180.png 15 10 67 -4 -63
14-4_270.png 15 10 67 -4 -63
14-4_fl.png 15 10 67 -4 -63
14-5.png 15 10 68 -4 -64
14-5_90.png 15 10 68 -4 -64
14-5_180.png 15 10 68 -4 -64
14-5_270.png 15 10 68 -4 -64
14-5_fl.png 15 10 68 -4 -64
14-6.png 15 10 66 -2 -64
14-6_90.png 15 10 66 -2 -64
14-6_180.png 15 10 66 -2 -64
14-6_270.png 15 10 66 -2 -64
14-6_fl.png 15 10 66 -2 -64
14-7.png 15 10 68 -2 -66
14-7_90.png 15 10 68 -2 -66
14-7_180.png 15 10 68 -2 -66
14-7_270.png 15 10 68 -2 -66
14-7_fl.png 15 10 68 -2 -66
14-8.png 15 10 67 -4 -63
14-8_90.png 15 10 67 -4 -63
14-8_180.png 15 10 67 -4 -63
14-8_270.png 15 10 67 -4 -63
14-8_fl.png 15 10 67 -4 -63
14-9.png 15 10 69 -4 -65
14-9_90.png 15 10 69 -4 -65
14-9_180.png 15 10 69 -4 -65
14-9_270.png 15 10 69 -4 -65
14-9_fl.png 15 10 69 -4 -65
14-10.png 15 10 67 -3 -64
14-10_90.png 15 10 67 -3 -64
14-10_180.png 15 10 67 -3 -64
14-10_270.png 15 10 67 -3 -64
14-10_fl.png 15 10 67 -3 -64
14-11.png 15 10 66 -2 -64
14-11_90.png 15 10 66 -2 -64
14-11_180.png 15 10 66 -2 -64
14-11_270.png 15 10 66 -2 -64
14-11_fl.png 15 10 66 -2 -64
15-1.png 20 10 130 -11 -119
15-1_90.png 20 10 130 -11 -119
15-1_180.png 20 10 130 -11 -119
15-1_270.png 20 10 130 -11 -119
15-1_fl.png 20 10 130 -11 -119
15-2.png 20 10 127 -11 -116
15-2_90.png 20 10 127 -11 -116
15-2_180.png 20 10 127 -11 -116
15-2_270.png 20 10 127 -11 -116
15-2_fl.png 20 10 127 -11 -116
15-3.png 20 10 126 -9 -117
15-3_90.png 20 10 126 -9 -117
15-3_180.png 20 10 126 -9 -117
15-3_270.png 20 10 126 -9 -117
15-3_fl.png 20 10 126 -9 -117
15-4.png 20 10 128 -10 -118
15-4_90.png 20 10 128 -10 -118
15-4_180.png 20 10 128 -10 -118
15-4_270.png 20 10 128 -10 -118
15-4_fl.png 20 10 128 -10 -118
15-5.png 20 10 128 -8 -120
15-5_90.png 20 10 128 -8 -120
15-5_180.png 20 10 128 -8 -120
15-5_270.png 20 10 128 -8 -120
15-5_fl.png 20 10 128 -8 -120
15-6.png 20 10 130 -13 -117
15-6_90.png 20 10 130 -13 -117
15-6_180.png 20 10 130 -13 -117
15-6_270.png 20 10 130 -13 -117
15-6_fl.png 20 10 130 -13 -117
15-7.png 20 10 126 -9 -117
15-7_90.png 20 10 126 -9 -117
15-7_180.png 20 10 126 -9 -117
15-7_270.png 20 10 126 -9 -117
15-7_fl.png 20 10 126 -9 -117
15-8.png 20 10 127 -10 -117
15-8_90.png 20 10 127 -10 -117
15-8_180.png 20 10 127 -10 -117
15-8_270.png 20 10 127 -10 -117
15-8_fl.png 20 10 127 -10 -117
15-9.png 20 10 126 -11 -115
15-9_90.png 20 10 126 -11 -115
15-9_180.png 20 10 126 -11 -115
15-9_270.png 20 10 126 -11 -115
15-9_fl.png 20 10 126 -11 -115
15-10.png 20 10 127 -9 -118
15-10_90.png 20 10 127 -9 -118
15-10_180.png 20 10 127 -9 -118
15-10_270.png 20 10 127 -9 -118
15-10_fl.png 20 10 127 -9 -118
15-11.png 20 10 124 -6 -118
15-11_90.png 20 10 124 -6 -118
15-11_180.png 20 10 124 -6 -118
15-11_270.png 20 10 124 -6 -118
15-11_fl.png 20 10 124 -6 -118
16-1.png 0 15 -64 -40 104
16-1_90.png 0 15 -64 -40 104
16-1_180.png 0 15 -64 -40 104
16-1_270.png 0 15 -64 -40 104
16-1_fl.png 0 15 -64 -40 104
16-2.png 0 15 -62 -44 106
16-2_90.png 0 15 -62 -44 106
16-2_180.png 0 15 -62 -44 106
16-2_270.png 0 15 -62 -44 106
16-2_fl.png 0 15 -62 -44 106
16-3.png 0 15 -62 -40 102
16-3_90.png 0 15 -62 -40 102
16-3_180.png 0 15 -62 -40 102
16-3_270.png 0 15 -62 -40 102
16-3_fl.png 0 15 -62 -40 102
16-4.png 0 15 -57 -45 102
16-4_90.png 0 15 -57 -45 102
16-4_180.png 0 15 -57 -45 102
16-4_270.png 0 15 -57 -45 102
16-4_fl.png 0 15 -57 -45 102
16-5.png 0 15 -60 -41 101
16-5_90.png 0 15 -60 -41 101
16-5_180.png 0 15 -60 -41 101
16-5_270.png 0 15 -60 -41 101
16-5_fl.png 0 15 -60 -41 101
16-6.png 0 15 -61 -45 106
16-6_90.png 0 15 -61 -45 106
16-6_180.png 0 15 -61 -45 106
16-6_270.png 0 15 -61 -45 106
16-6_fl.png 0 15 -61 -45 106
16-7.png 0 15 -60 -44 104
16-7_90.png 0 15 -60 -44 104
16-7_180.png 0 15 -60 -44 104
16-7_270.png 0 15 -60 -44 104
16-7_fl.png 0 15 -60 -44 104
16-8.png 0 15 -59 -41 100
16-8_90.png 0 15 -59 -41 100
16-8_180.png 0 15 -59 -41 100
16-8_270.png 0 15 -59 -41 100
16-8_fl.png 0 15 -59 -41 100
16-9.png 0 15 -60 -39 99
16-9_90.png 0 15 -60 -39 99
16-9_180.png 0 15 -60 -39 99
16-9_270.png 0 15 -60 -39 99
16-9_fl.png 0 15 -60 -39 99
16-10.png 0 15 -57 -41 98
16-10_90.png 0 15 -57 -41 98
16-10_180.png 0 15 -57 -41 98
16-10_270.png 0 15 -57 -41 98
16-10_fl.png 0 15 -57 -41 98
16-11.png 0 15 -63 -43 106
16-11_90.png 0 15 -63 -43 106
16-11_180.png 0 15 -63 -43 106
16-11_270.png 0 15 -63 -43 106
16-11_fl.png 0 15 -63 -43 106
17-1.png 5 15 -3 -48 51
17-1_90.png 5 15 -3 -48 51
17-1_180.png 5 15 -3 -48 51
17-1_270.png 5 15 -3 -48 51
17-1_fl.png 5 15 -3 -48 51
17-2.png 5 15 -2 -49 51
17-2_90.png 5 15 -2 -49 51
17-2_180.png 5 15 -2 -49 51
17-2_270.png 5 15 -2 -49 51
17-2_fl.png 5 15 -2 -49 51
17-3.png 5 15 4 -52 48
17-3_90.png 5 15 4 -52 48
17-3_180.png 5 15 4 -52 48
17-3_270.png 5 15 4 -52 48
17-3_fl.png 5 15 4 -52 48
17-4.png 5 15 1 -54 53
17-4_90.png 5 15 1 -54 53
17-4_180.png 5 15 1 -54 53
17-4_270.png 5 15 1 -54 53
17-4_fl.png 5 15 1 -54 53
17-5.png 5 15 1 -55 54
17-5_90.png 5 15 1 -55 54
17-5_180.png 5 15 1 -55 54
17-5_270.png 5 15 1 -55 54
17-5_fl.png 5 15 1 -55 54
17-6.png 5 15 -1 -49 50
17-6_90.png 5 15 -1 -49 50
17-6_180.png 5 15 -1 -49 50
17-6_270.png 5 15 -1 -49 50
17-6_fl.png 5 15 -1 -49 50
17-7.png 5 15 3 -50 47
17-7_90.png 5 15 3 -50 47
17-7_180.png 5 15 3 -50 47
17-7_270.png 5 15 3 -50 47
17-7_fl.png 5 15 3 -50 47
17-8.png 5 15 3 -51 48
17-8_90.png 5 15 3 -51 48
17-8_180.png 5 15 3 -51 48
17-8_270.png 5 15 3 -51 48
17-8_fl.png 5 15 3 -51 48
17-9.png 5 15 17 -59 42
17-9_90.png 5 15 17 -59 42
17-9_180.png 5 15 17 -59 42
17-9_270.png 5 15 17 -59 42
17-9_fl.png 5 15 17 -59 42
17-10.png 5 15 0 -50 50
17-10_90.png 5 15 0 -50 50
17-10_180.png 5 15 0 -50 50
17-10_270.png 5 15 0 -50 50
17-10_fl.png 5 15 0 -50 50
17-11.png 5 15 -2 -48 50
17-11_90.png 5 15 -2 -48 50
17-11_180.png 5 15 -2 -48 50
17-11_270.png 5 15 -2 -48 50
17-11_fl.png 5 15 -2 -48 50
18-1.png 10 15 73 -70 -3
18-1_90.png 10 15 73 -70 -3
18-1_180.png 10 15 73 -70 -3
18-1_270.png 10 15 73 -70 -3
18-1_fl.png 10 15 73 -70 -3
18-2.png 10 15 73 -69 -4
18-2_90.png 10 15 73 -69 -4
18-2_180.png 10 15 73 -69 -4
18-2_270.png 10 15 73 -69 -4
18-2_fl.png 10 15 73 -69 -4
18-3.png 10 15 72 -74 2
18-3_90.png 10 15 72 -74 2
18-3_180.png 10 15 72 -74 2
18-3_270.png 10 15 72 -74 2
18-3_fl.png 10 15 72 -74 2
18-4.png 10 15 72 -75 3
18-4_90.png 10 15 72 -75 3
18-4_180.png 10 15 72 -75 3
18-4_270.png 10 15 72 -75 3
18-4_fl.png 10 15 72 -75 3
18-5.png 10 15 66 -71 5
18-5_90.png 10 15 66 -71 5
18-5_180.png 10 15 66 -71 5
18-5_270.png 10 15 66 -71 5
18-5_fl.png 10 15 66 -71 5
18-6.png 10 15 69 -69 0
18-6_90.png 10 15 69 -69 0
18-6_180.png 10 15 69 -69 0
18-6_270.png 10 15 69 -69 0
18-6_fl.png 10 15 69 -69 0
18-7.png 10 15 71 -70 -1
18-7_90.png 10 15 71 -70 -1
18-7_180.png 10 15 71 -70 -1
18-7_270.png 10 15 71 -70 -1
18-7_fl.png 10 15 71 -70 -1
18-8.png 10 15 70 -71 1
18-8_90.png 10 15 70 -71 1
18-8_180.png 10 15 70 -71 1
18-8_270.png 10 15 70 -71 1
18-8_fl.png 10 15 70 -71 1
18-9.png 10 15 67 -69 2
18-9_90.png 10 15 67 -69 2
18-9_180.png 10 15 67 -69 2
18-9_270.png 10 15 67 -69 2
18-9_fl.png 10 15 67 -69 2
18-10.png 10 15 72 -72 0
18-10_90.png 10 15 72 -72 0
18-10_180.png 10 15 72 -72 0
18-10_270.png 10 15 72 -72 0
18-10_fl.png 10 15 72 -72 0
18-11.png 10 15 68 -68 0
18-11_90.png 10 15 68 -68 0
18-11_180.png 10 15 68 -68 0
18-11_270.png 10 15 68 -68 0
18-11_fl.png 10 15 68 -68 0
19-1.png 15 15 141 -88 -53
19-1_90.png 15 15 141 -88 -53
19-1_180.png 15 15 141 -88 -53
19-1_270.png 15 15 141 -88 -53
19-1_fl.png 15 15 141 -88 -53
19-2.png 15 15 142 -89 -53
19-2_90.png 15 15 142 -89 -53
19-2_180.png 15 15 142 -89 -53
19-2_270.png 15 15 142 -89 -53
19-2_fl.png 15 15 142 -89 -53
19-3.png 15 15 140 -91 -49
19-3_90.png 15 15 140 -91 -49
19-3_180.png 15 15 140 -91 -49
19-3_270.png 15 15 140 -91 -49
19-3_fl.png 15 15 140 -91 -49
19-4.png 15 15 143 -94 -49
19-4_90.png 15 15 143 -94 -49
19-4_180.png 15 15 143 -94 -49
19-4_270.png 15 15 143 -94 -49
19-4_fl.png 15 15 143 -94 -49
19-5.png 15 15 140 -86 -54
19-5_90.png 15 15 140 -86 -54
19-5_180.png 15 15 140 -86 -54
19-5_270.png 15 15 140 -86 -54
19-5_fl.png 15 15 140 -86 -54
19-6.png 15 15 141 -88 -53
19-6_90.png 15 15 141 -88 -53
19-6_180.png 15 15 141 -88 -53
19-6_270.png 15 15 141 -88 -53
19-6_fl.png 15 15 141 -88 -53
19-7.png 15 15 142 -90 -52
19-7_90.png 15 15 142 -90 -52
19-7_180.png 15 15 142 -90 -52
19-7_270.png 15 15 142 -90 -52
19-7_fl.png 15 15 142 -90 -52
19-8.png 15 15 138 -91 -47
19-8_90.png 15 15 138 -91 -47
19-8_180.png 15 15 138 -91 -47
19-8_270.png 15 15 138 -91 -47
19-8_fl.png 15 15 138 -91 -47
19-9.png 15 15 145 -89 -56
19-9_90.png 15 15 145 -89 -56
19-9_180.png 15 15 145 -89 -56
19-9_270.png 15 15 145 -89 -56
19-9_fl.png 15 15 145 -89 -56
19-10.png 15 15 145 -94 -51
19-10_90.png 15 15 145 -94 -51
19-10_180.png 15 15 145 -94 -51
19-10_270.png 15 15 145 -94 -51
19-10_fl.png 15 15 145 -94 -51
19-11.png 15 15 142 -89 -53
19-11_90.png 15 15 142 -89 -53
19-11_180.png 15 15 142 -89 -53
19-11_270.png 15 15 142 -89 -53
19-11_fl.png 15 15 142 -89 -53
20-1.png 20 15 207 -114 -93
20-1_90.png 20 15 207 -114 -93
20-1_180.png 20 15 207 -114 -93
20-1_270.png 20 15 207 -114 -93
20-1_fl.png 20 15 207 -114 -93
20-2.png 20 15 208 -117 -91
20-2_90.png 20 15 208 -117 -91
20-2_180.png 20 15 208 -117 -91
20-2_270.png 20 15 208 -117 -91
20-2_fl.png 20 15 208 -117 -91
20-3.png 20 15 204 -112 -92
20-3_90.png 20 15 204 -112 -92
20-3_180.png 20 15 204 -112 -92
20-3_270.png 20 15 204 -112 -92
20-3_fl.png 20 15 204 -112 -92
20-4.png 20 15 205 -113 -92
20-4_90.png 20 15 205 -113 -92
20-4_180.png 20 15 205 -113 -92
20-4_270.png 20 15 205 -113 -92
20-4_fl.png 20 15 205 -113 -92
20-5.png 20 15 204 -111 -93
20-5_90.png 20 15 204 -111 -93
20-5_180.png 20 15 204 -111 -93
20-5_270.png 20 15 204 -111 -93
20-5_fl.png 20 15 204 -111 -93
20-6.png 20 15 203 -110 -93
20-6_90.png 20 15 203 -110 -93
20-6_180.png 20 15 203 -110 -93
20-6_270.png 20 15 203 -110 -93
20-6_fl.png 20 15 203 -110 -93
20-7.png 20 15 201 -110 -91
20-7_90.png 20 15 201 -110 -91
20-7_180.png 20 15 201 -110 -91
20-7_270.png 20 15 201 -110 -91
20-7_fl.png 20 15 201 -110 -91
20-8.png 20 15 206 -114 -92
20-8_90.png 20 15 206 -114 -92
20-8_180.png 20 15 206 -114 -92
20-8_270.png 20 15 206 -114 -92
20-8_fl.png 20 15 206 -114 -92
20-9.png 20 15 206 -112 -94
20-9_90.png 20 15 206 -112 -94
20-9_180.png 20 15 206 -112 -94
20-9_270.png 20 15 206 -112 -94
20-9_fl.png 20 15 206 -112 -94
20-10.png 20 15 206 -114 -92
20-10_90.png 20 15 206 -114 -92
20-10_180.png 20 15 206 -114 -92
20-10_270.png 20 15 206 -114 -92
20-10_fl.png 20 15 206 -114 -92
20-11.png 20 15 204 -111 -93
20-11_90.png 20 15 204 -111 -93
20-11_180.png 20 15 204 -111 -93
20-11_270.png 20 15 204 -111 -93
20-11_fl.png 20 15 204 -111 -93
21-1.png 0 20 -9 -86 95
21-1_90.png 0 20 -9 -86 95
21-1_180.png 0 20 -9 -86 95
21-1_270.png 0 20 -9 -86 95
21-1_fl.png 0 20 -9 -86 95
21-2.png 0 20 -7 -78 85
21-2_90.png 0 20 -7 -78 85
21-2_180.png 0 20 -7 -78 85
21-2_270.png 0 20 -7 -78 85
21-2_fl.png 0 20 -7 -78 85
21-3.png 0 20 -10 -86 96
21-3_90.png 0 20 -10 -86 96
21-3_180.png 0 20 -10 -86 96
21-3_270.png 0 20 -10 -86 96
21-3_fl.png 0 20 -10 -86 96
21-4.png 0 20 -9 -81 90
21-4_90.png 0 20 -9 -81 90
21-4_180.png 0 20 -9 -81 90
21-4_270.png 0 20 -9 -81 90
21-4_fl.png 0 20 -9 -81 90
21-5.png 0 20 -8 -82 90
21-5_90.png 0 20 -8 -82 90
21-5_180.png 0 20 -8 -82 90
21-5_270.png 0 20 -8 -82 90
21-5_fl.png 0 20 -8 -82 90
21-6.png 0 20 -4 -84 88
21-6_90.png 0 20 -4 -84 88
21-6_180.png 0 20 -4 -84 88
21-6_270.png 0 20 -4 -84 88
21-6_fl.png 0 20 -4 -84 88
21-7.png 0 20 -8 -79 87
21-7_90.png 0 20 -8 -79 87
21-7_180.png 0 20 -8 -79 87
21-7_270.png 0 20 -8 -79 87
21-7_fl.png 0 20 -8 -79 87
21-8.png 0 20 -7 -82 89
21-8_90.png 0 20 -7 -82 89
21-8_180.png 0 20 -7 -82 89
21-8_270.png 0 20 -7 -82 89
21-8_fl.png 0 20 -7 -82 89
21-9.png 0 20 -6 -83 89
21-9_90.png 0 20 -6 -83 89
21-9_180.png 0 20 -6 -83 89
21-9_270.png 0 20 -6 -83 89
21-9_fl.png 0 20 -6 -83 89
21-10.png 0 20 -8 -82 90
21-10_90.png 0 20 -8 -82 90
21-10_180.png 0 20 -8 -82 90
21-10_270.png 0 20 -8 -82 90
21-10_fl.png 0 20 -8 -82 90
21-11.png 0 20 -8 -82 90
21-11_90.png 0 20 -8 -82 90
21-11_180.png 0 20 -8 -82 90
21-11_270.png 0 20 -8 -82 90
21-11_fl.png 0 20 -8 -82 90
22-1.png 5 20 55 -100 45
22-1_90.png 5 20 55 -100 45
22-1_180.png 5 20 55 -100 45
22-1_270.png 5 20 55 -100 45
22-1_fl.png 5 20 55 -100 45
22-2.png 5 20 52 -103 51
22-2_90.png 5 20 52 -103 51
22-2_180.png 5 20 52 -103 51
22-2_270.png 5 20 52 -103 51
22-2_fl.png 5 20 52 -103 51
22-3.png 5 20 52 -97 45
22-3_90.png 5 20 52 -97 45
22-3_180.png 5 20 52 -97 45
22-3_270.png 5 20 52 -97 45
22-3_fl.png 5 20 52 -97 45
22-4.png 5 20 54 -99 45
22-4_90.png 5 20 54 -99 45
22-4_180.png 5 20 54 -99 45
22-4_270.png 5 20 54 -99 45
22-4_fl.png 5 20 54 -99 45
22-5.png 5 20 56 -105 49
22-5_90.png 5 20 56 -105 49
22-5_180.png 5 20 56 -105 49
22-5_270.png 5 20 56 -105 49
22-5_fl.png 5 20 56 -105 49
22-6.png 5 20 56 -103 47
22-6_90.png 5 20 56 -103 47
22-6_180.png 5 20 56 -103 47
22-6_270.png 5 20 56 -103 47
22-6_fl.png 5 20 56 -103 47
22-7.png 5 20 56 -105 49
22-7_90.png 5 20 56 -105 49
22-7_180.png 5 20 56 -105 49
22-7_270.png 5 20 56 -105 49
22-7_fl.png 5 20 56 -105 49
22-8.png 5 20 52 -99 47
22-8_90.png 5 20 52 -99 47
22-8_180.png 5 20 52 -99 47
22-8_270.png 5 20 52 -99 47
22-8_fl.png 5 20 52 -99 47
22-9.png 5 20 58 -106 48
22-9_90.png 5 20 58 -106 48
22-9_180.png 5 20 58 -106 48
22-9_270.png 5 20 58 -106 48
22-9_fl.png 5 20 58 -106 48
22-10.png 5 20 59 -102 43
22-10_90.png 5 20 59 -102 43
22-10_180.png 5 20 59 -102 43
22-10_270.png 5 20 59 -102 43
22-10_fl.png 5 20 59 -102 43
22-11.png 5 20 58 -101 43
22-11_90.png 5 20 58 -101 43
22-11_180.png 5 20 58 -101 43
22-11_270.png 5 20 58 -101 43
22-11_fl.png 5 20 58 -101 43
23-1.png 10 20 125 -130 5
23-1_90.png 10 20 125 -130 5
23-1_180.png 10 20 125 -130 5
23-1_270.png 10 20 125 -130 5
23-1_fl.png 10 20 125 -130 5
23-2.png 10 20 129 -133 4
23-2_90.png 10 20 129 -133 4
23-2_180.png 10 20 129 -133 4
23-2_270.png 10 20 129 -133 4
23-2_fl.png 10 20 129 -133 4
23-3.png 10 20 130 -129 -1
23-3_90.png 10 20 130 -129 -1
23-3_180.png 10 20 130 -129 -1
23-3_270.png 10 20 130 -129 -1
23-3_fl.png 10 20 130 -129 -1
23-4.png 10 20 127 -132 5
23-4_90.png 10 20 127 -132 5
23-4_180.png 10 20 127 -132 5
23-4_270.png 10 20 127 -132 5
23-4_fl.png 10 20 127 -132 5
23-5.png 10 20 128 -128 0
23-5_90.png 10 20 128 -128 0
23-5_180.png 10 20 128 -128 0
23-5_270.png 10 20 128 -128 0
23-5_fl.png 10 20 128 -128 0
23-6.png 10 20 126 -131 5
23-6_90.png 10 20 126 -131 5
23-6_180.png 10 20 126 -131 5
23-6_270.png 10 20 126 -131 5
23-6_fl.png 10 20 126 -131 5
23-7.png 10 20 126 -133 7
23-7_90.png 10 20 126 -133 7
23-7_180.png 10 20 126 -133 7
23-7_270.png 10 20 126 -133 7
23-7_fl.png 10 20 126 -133 7
23-8.png 10 20 122 -121 -1
23-8_90.png 10 20 122 -121 -1
23-8_180.png 10 20 122 -121 -1
23-8_270.png 10 20 122 -121 -1
23-8_fl.png 10 20 122 -121 -1
23-9.png 10 20 127 -133 6
23-9_90.png 10 20 127 -133 6
23-9_180.png 10 20 127 -133 6
23-9_270.png 10 20 127 -133 6
23-9_fl.png 10 20 127 -133 6
23-10.png 10 20 126 -129 3
23-10_90.png 10 20 126 -129 3
23-10_180.png 10 20 126 -129 3
23-10_270.png 10 20 126 -129 3
23-10_fl.png 10 20 126 -129 3
23-11.png 10 20 126 -133 7
23-11_90.png 10 20 126 -133 7
23-11_180.png 10 20 126 -133 7
23-11_270.png 10 20 126 -133 7
23-11_fl.png 10 20 126 -133 7
24-1.png 15 20 204 -162 -42
24-1_90.png 15 20 204 -162 -42
24-1_180.png 15 20 204 -162 -42
24-1_270.png 15 20 204 -162 -42
24-1_fl.png 15 20 204 -162 -42
24-2.png 15 20 203 -157 -46
24-2_90.png 15 20 203 -157 -46
24-2_180.png 15 20 203 -157 -46
24-2_270.png 15 20 203 -157 -46
24-2_fl.png 15 20 203 -157 -46
24-3.png 15 20 201 -159 -42
24-3_90.png 15 20 201 -159 -42
24-3_180.png 15 20 201 -159 -42
24-3_270.png 15 20 201 -159 -42
24-3_fl.png 15 20 201 -159 -42
24-4.png 15 20 203 -162 -41
24-4_90.png 15 20 203 -162 -41
24-4_180.png 15 20 203 -162 -41
24-4_270.png 15 20 203 -162 -41
24-4_fl.png 15 20 203 -162 -41
24-5.png 15 20 198 -163 -35
24-5_90.png 15 20 198 -163 -35
24-5_180.png 15 20 198 -163 -35
24-5_270.png 15 20 198 -163 -35
24-5_fl.png 15 20 198 -163 -35
24-6.png 15 20 203 -162 -41
24-6_90.png 15 20 203 -162 -41
24-6_180.png 15 20 203 -162 -41
24-6_270.png 15 20 203 -162 -41
24-6_fl.png 15 20 203 -162 -41
24-7.png 15 20 238 -168 -70
24-7_90.png 15 20 238 -168 -70
24-7_180.png 15 20 238 -168 -70
24-7_270.png 15 20 238 -168 -70
24-7_fl.png 15 20 238 -168 -70
24-8.png 15 20 200 -160 -40
24-8_90.png 15 20 200 -160 -40
24-8_180.png 15 20 200 -160 -40
24-8_270.png 15 20 200 -160 -40
24-8_fl.png 15 20 200 -160 -40
24-9.png 15 20 202 -162 -40
24-9_90.png 15 20 202 -162 -40
24-9_180.png 15 20 202 -162 -40
24-9_270.png 15 20 202 -162 -40
24-9_fl.png 15 20 202 -162 -40
24-10.png 15 20 200 -159 -41
24-10_90.png 15 20 200 -159 -41
24-10_180.png 15 20 200 -159 -41
24-10_270.png 15 20 200 -159 -41
24-10_fl.png 15 20 200 -159 -41
24-11.png 15 20 203 -162 -41
24-11_90.png 15 20 203 -162 -41
24-11_180.png 15 20 203 -162 -41
24-11_270.png 15 20 203 -162 -41
24-11_fl.png 15 20 203 -162 -41
25-1.png 20 20 276 -196 -80
25-1_90.png 20 20 276 -196 -80
25-1_180.png 20 20 276 -196 -80
25-1_270.png 20 20 276 -196 -80
25-1_fl.png 20 20 276 -196 -80
25-2.png 20 20 280 -195 -85
25-2_90.png 20 20 280 -195 -85
25-2_180.png 20 20 280 -195 -85
25-2_270.png 20 20 280 -195 -85
25-2_fl.png 20 20 280 -195 -85
25-3.png 20 20 276 -195 -81
25-3_90.png 20 20 276 -195 -81
25-3_180.png 20 20 276 -195 -81
25-3_270.png 20 20 276 -195 -81
25-3_fl.png 20 20 276 -195 -81
25-4.png 20 20 277 -196 -81
25-4_90.png 20 20 277 -196 -81
25-4_180.png 20 20 277 -196 -81
25-4_270.png 20 20 277 -196 -81
25-4_fl.png 20 20 277 -196 -81
25-5.png 20 20 281 -198 -83
25-5_90.png 20 20 281 -198 -83
25-5_180.png 20 20 281 -198 -83
25-5_270.png 20 20 281 -198 -83
25-5_fl.png 20 20 281 -198 -83
25-6.png 20 20 281 -199 -82
25-6_90.png 20 20 281 -199 -82
25-6_180.png 20 20 281 -199 -82
25-6_270.png 20 20 281 -199 -82
25-6_fl.png 20 20 281 -199 -82
25-7.png 20 20 279 -198 -81
25-7_90.png 20 20 279 -198 -81
25-7_180.png 20 20 279 -198 -81
25-7_270.png 20 20 279 -198 -81
25-7_fl.png 20 20 279 -198 -81
25-8.png 20 20 281 -200 -81
25-8_90.png 20 20 281 -200 -81
25-8_180.png 20 20 281 -200 -81
25-8_270.png 20 20 281 -200 -81
25-8_fl.png 20 20 281 -200 -81
25-9.png 20 20 280 -199 -81
25-9_90.png 20 20 280 -199 -81
25-9_180.png 20 20 280 -199 -81
25-9_270.png 20 20 280 -199 -81
25-9_fl.png 20 20 280 -199 -81
25-10.png 20 20 276 -195 -81
25-10_90.png 20 20 276 -195 -81
25-10_180.png 20 20 276 -195 -81
25-10_270.png 20 20 276 -195 -81
25-10_fl.png 20 20 276 -195 -81
25-11.png 20 20 282 -196 -86
25-11_90.png 20 20 282 -196 -86
25-11_180.png 20 20 282 -196 -86
25-11_270.png 20 20 282 -196 -86
25-11_fl.png 20 20 282 -196 -86
