1-1.png 0 0 -288 83 205
1-1_90.png 0 0 -288 83 205
1-1_180.png 0 0 -288 83 205
1-1_270.png 0 0 -288 83 205
1-1_fl.png 0 0 -288 83 205
1-2.png 0 0 -289 83 206
1-2_90.png 0 0 -289 83 206
1-2_180.png 0 0 -289 83 206
1-2_270.png 0 0 -289 83 206
1-2_fl.png 0 0 -289 83 206
1-3.png 0 0 -289 83 206
1-3_90.png 0 0 -289 83 206
1-3_180.png 0 0 -289 83 206
1-3_270.png 0 0 -289 83 206
1-3_fl.png 0 0 -289 83 206
1-4.png 0 0 -289 83 206
1-4_90.png 0 0 -289 83 206
1-4_180.png 0 0 -289 83 206
1-4_270.png 0 0 -289 83 206
1-4_fl.png 0 0 -289 83 206
1-5.png 0 0 -292 81 211
1-5_90.png 0 0 -292 81 211
1-5_180.png 0 0 -292 81 211
1-5_270.png 0 0 -292 81 211
1-5_fl.png 0 0 -292 81 211
1-11.png 0 0 -297 90 207
1-11_90.png 0 0 -297 90 207
1-11_180.png 0 0 -297 90 207
1-11_270.png 0 0 -297 90 207
1-11_fl.png 0 0 -297 90 207
1-12.png 0 0 -289 83 206
1-12_90.png 0 0 -289 83 206
1-12_180.png 0 0 -289 83 206
1-12_270.png 0 0 -289 83 206
1-12_fl.png 0 0 -289 83 206
1-13.png 0 0 -291 90 201
1-13_90.png 0 0 -291 90 201
1-13_180.png 0 0 -291 90 201
1-13_270.png 0 0 -291 90 201
1-13_fl.png 0 0 -291 90 201
1-14.png 0 0 -292 89 203
1-14_90.png 0 0 -292 89 203
1-14_180.png 0 0 -292 89 203
1-14_270.png 0 0 -292 89 203
1-14_fl.png 0 0 -292 89 203
1-15.png 0 0 -301 89 212
1-15_90.png 0 0 -301 89 212
1-15_180.png 0 0 -301 89 212
1-15_270.png 0 0 -301 89 212
1-15_fl.png 0 0 -301 89 212
2-1.png 5 0 -208 101 107
2-1_90.png 5 0 -208 101 107
2-1_180.png 5 0 -208 101 107
2-1_270.png 5 0 -208 101 107
2-1_fl.png 5 0 -208 101 107
2-2.png 5 0 -209 100 109
2-2_90.png 5 0 -209 100 109
2-2_180.png 5 0 -209 100 109
2-2_270.png 5 0 -209 100 109
2-2_fl.png 5 0 -209 100 109
2-3.png 5 0 -212 100 112
2-3_90.png 5 0 -212 100 112
2-3_180.png 5 0 -212 100 112
2-3_270.png 5 0 -212 100 112
2-3_fl.png 5 0 -212 100 112
2-4.png 5 0 -210 101 109
2-4_90.png 5 0 -210 101 109
2-4_180.png 5 0 -210 101 109
2-4_270.png 5 0 -210 101 109
2-4_fl.png 5 0 -210 101 109
2-5.png 5 0 -210 101 109
2-5_90.png 5 0 -210 101 109
2-5_180.png 5 0 -210 101 109
2-5_270.png 5 0 -210 101 109
2-5_fl.png 5 0 -210 101 109
2-11.png 5 0 -210 102 108
2-11_90.png 5 0 -210 102 108
2-11_180.png 5 0 -210 102 108
2-11_270.png 5 0 -210 102 108
2-11_fl.png 5 0 -210 102 108
2-12.png 5 0 -211 101 110
2-12_90.png 5 0 -211 101 110
2-12_180.png 5 0 -211 101 110
2-12_270.png 5 0 -211 101 110
2-12_fl.png 5 0 -211 101 110
2-13.png 5 0 -211 103 108
2-13_90.png 5 0 -211 103 108
2-13_180.png 5 0 -211 103 108
2-13_270.png 5 0 -211 103 108
2-13_fl.png 5 0 -211 103 108
2-14.png 5 0 -211 101 110
2-14_90.png 5 0 -211 101 110
2-14_180.png 5 0 -211 101 110
2-14_270.png 5 0 -211 101 110
2-14_fl.png 5 0 -211 101 110
2-15.png 5 0 -210 101 109
2-15_90.png 5 0 -210 101 109
2-15_180.png 5 0 -210 101 109
2-15_270.png 5 0 -210 101 109
2-15_fl.png 5 0 -210 101 109
3-1.png 10 0 -129 126 3
3-1_90.png 10 0 -129 126 3
3-1_180.png 10 0 -129 126 3
3-1_270.png 10 0 -129 126 3
3-1_fl.png 10 0 -129 126 3
3-2.png 10 0 -128 125 3
3-2_90.png 10 0 -128 125 3
3-2_180.png 10 0 -128 125 3
3-2_270.png 10 0 -128 125 3
3-2_fl.png 10 0 -128 125 3
3-3.png 10 0 -126 126 0
3-3_90.png 10 0 -126 126 0
3-3_180.png 10 0 -126 126 0
3-3_270.png 10 0 -126 126 0
3-3_fl.png 10 0 -126 126 0
3-4.png 10 0 -130 126 4
3-4_90.png 10 0 -130 126 4
3-4_180.png 10 0 -130 126 4
3-4_270.png 10 0 -130 126 4
3-4_fl.png 10 0 -130 126 4
3-5.png 10 0 -128 127 1
3-5_90.png 10 0 -128 127 1
3-5_180.png 10 0 -128 127 1
3-5_270.png 10 0 -128 127 1
3-5_fl.png 10 0 -128 127 1
3-11.png 10 0 -130 126 4
3-11_90.png 10 0 -130 126 4
3-11_180.png 10 0 -130 126 4
3-11_270.png 10 0 -130 126 4
3-11_fl.png 10 0 -130 126 4
3-12.png 10 0 -130 127 3
3-12_90.png 10 0 -130 127 3
3-12_180.png 10 0 -130 127 3
3-12_270.png 10 0 -130 127 3
3-12_fl.png 10 0 -130 127 3
3-13.png 10 0 -133 126 7
3-13_90.png 10 0 -133 126 7
3-13_180.png 10 0 -133 126 7
3-13_270.png 10 0 -133 126 7
3-13_fl.png 10 0 -133 126 7
3-14.png 10 0 -132 124 8
3-14_90.png 10 0 -132 124 8
3-14_180.png 10 0 -132 124 8
3-14_270.png 10 0 -132 124 8
3-14_fl.png 10 0 -132 124 8
3-15.png 10 0 -132 125 7
3-15_90.png 10 0 -132 125 7
3-15_180.png 10 0 -132 125 7
3-15_270.png 10 0 -132 125 7
3-15_fl.png 10 0 -132 125 7
4-1.png 15 0 -60 154 -94
4-1_90.png 15 0 -60 154 -94
4-1_180.png 15 0 -60 154 -94
4-1_270.png 15 0 -60 154 -94
4-1_fl.png 15 0 -60 154 -94
4-2.png 15 0 -64 157 -93
4-2_90.png 15 0 -64 157 -93
4-2_180.png 15 0 -64 157 -93
4-2_270.png 15 0 -64 157 -93
4-2_fl.png 15 0 -64 157 -93
4-3.png 15 0 -64 157 -93
4-3_90.png 15 0 -64 157 -93
4-3_180.png 15 0 -64 157 -93
4-3_270.png 15 0 -64 157 -93
4-3_fl.png 15 0 -64 157 -93
4-4.png 15 0 -65 158 -93
4-4_90.png 15 0 -65 158 -93
4-4_180.png 15 0 -65 158 -93
4-4_270.png 15 0 -65 158 -93
4-4_fl.png 15 0 -65 158 -93
4-5.png 15 0 -64 157 -93
4-5_90.png 15 0 -64 157 -93
4-5_180.png 15 0 -64 157 -93
4-5_270.png 15 0 -64 157 -93
4-5_fl.png 15 0 -64 157 -93
4-11.png 15 0 -64 157 -93
4-11_90.png 15 0 -64 157 -93
4-11_180.png 15 0 -64 157 -93
4-11_270.png 15 0 -64 157 -93
4-11_fl.png 15 0 -64 157 -93
4-12.png 15 0 -62 155 -93
4-12_90.png 15 0 -62 155 -93
4-12_180.png 15 0 -62 155 -93
4-12_270.png 15 0 -62 155 -93
4-12_fl.png 15 0 -62 155 -93
4-13.png 15 0 -61 154 -93
4-13_90.png 15 0 -61 154 -93
4-13_180.png 15 0 -61 154 -93
4-13_270.png 15 0 -61 154 -93
4-13_fl.png 15 0 -61 154 -93
4-14.png 15 0 -63 157 -94
4-14_90.png 15 0 -63 157 -94
4-14_180.png 15 0 -63 157 -94
4-14_270.png 15 0 -63 157 -94
4-14_fl.png 15 0 -63 157 -94
4-15.png 15 0 -64 157 -93
4-15_90.png 15 0 -64 157 -93
4-15_180.png 15 0 -64 157 -93
4-15_270.png 15 0 -64 157 -93
4-15_fl.png 15 0 -64 157 -93
5-1.png 20 0 1 187 -188
5-1_90.png 20 0 1 187 -188
5-1_180.png 20 0 1 187 -188
5-1_270.png 20 0 1 187 -188
5-1_fl.png 20 0 1 187 -188
5-2.png 20 0 0 196 -196
5-2_90.png 20 0 0 196 -196
5-2_180.png 20 0 0 196 -196
5-2_270.png 20 0 0 196 -196
5-2_fl.png 20 0 0 196 -196
5-3.png 20 0 17 189 -206
5-3_90.png 20 0 17 189 -206
5-3_180.png 20 0 17 189 -206
5-3_270.png 20 0 17 189 -206
5-3_fl.png 20 0 17 189 -206
5-4.png 20 0 2 192 -194
5-4_90.png 20 0 2 192 -194
5-4_180.png 20 0 2 192 -194
5-4_270.png 20 0 2 192 -194
5-4_fl.png 20 0 2 192 -194
5-5.png 20 0 3 187 -190
5-5_90.png 20 0 3 187 -190
5-5_180.png 20 0 3 187 -190
5-5_270.png 20 0 3 187 -190
5-5_fl.png 20 0 3 187 -190
5-11.png 20 0 -1 192 -191
5-11_90.png 20 0 -1 192 -191
5-11_180.png 20 0 -1 192 -191
5-11_270.png 20 0 -1 192 -191
5-11_fl.png 20 0 -1 192 -191
5-12.png 20 0 1 189 -190
5-12_90.png 20 0 1 189 -190
5-12_180.png 20 0 1 189 -190
5-12_270.png 20 0 1 189 -190
5-12_fl.png 20 0 1 189 -190
5-13.png 20 0 1 192 -193
5-13_90.png 20 0 1 192 -193
5-13_180.png 20 0 1 192 -193
5-13_270.png 20 0 1 192 -193
5-13_fl.png 20 0 1 192 -193
5-14.png 20 0 1 194 -195
5-14_90.png 20 0 1 194 -195
5-14_180.png 20 0 1 194 -195
5-14_270.png 20 0 1 194 -195
5-14_fl.png 20 0 1 194 -195
5-15.png 20 0 1 187 -188
5-15_90.png 20 0 1 187 -188
5-15_180.png 20 0 1 187 -188
5-15_270.png 20 0 1 187 -188
5-15_fl.png 20 0 1 187 -188
6-1.png 0 5 -212 48 164
6-1_90.png 0 5 -212 48 164
6-1_180.png 0 5 -212 48 164
6-1_270.png 0 5 -212 48 164
6-1_fl.png 0 5 -212 48 164
6-2.png 0 5 -209 52 157
6-2_90.png 0 5 -209 52 157
6-2_180.png 0 5 -209 52 157
6-2_270.png 0 5 -209 52 157
6-2_fl.png 0 5 -209 52 157
6-3.png 0 5 -210 51 159
6-3_90.png 0 5 -210 51 159
6-3_180.png 0 5 -210 51 159
6-3_270.png 0 5 -210 51 159
6-3_fl.png 0 5 -210 51 159
6-4.png 0 5 -208 50 158
6-4_90.png 0 5 -208 50 158
6-4_180.png 0 5 -208 50 158
6-4_270.png 0 5 -208 50 158
6-4_fl.png 0 5 -208 50 158
6-5.png 0 5 -210 51 159
6-5_90.png 0 5 -210 51 159
6-5_180.png 0 5 -210 51 159
6-5_270.png 0 5 -210 51 159
6-5_fl.png 0 5 -210 51 159
6-11.png 0 5 -209 50 159
6-11_90.png 0 5 -209 50 159
6-11_180.png 0 5 -209 50 159
6-11_270.png 0 5 -209 50 159
6-11_fl.png 0 5 -209 50 159
6-12.png 0 5 -209 51 158
6-12_90.png 0 5 -209 51 158
6-12_180.png 0 5 -209 51 158
6-12_270.png 0 5 -209 51 158
6-12_fl.png 0 5 -209 51 158
6-13.png 0 5 -205 51 154
6-13_90.png 0 5 -205 51 154
6-13_180.png 0 5 -205 51 154
6-13_270.png 0 5 -205 51 154
6-13_fl.png 0 5 -205 51 154
6-14.png 0 5 -207 50 157
6-14_90.png 0 5 -207 50 157
6-14_180.png 0 5 -207 50 157
6-14_270.png 0 5 -207 50 157
6-14_fl.png 0 5 -207 50 157
6-15.png 0 5 -207 51 156
6-15_90.png 0 5 -207 51 156
6-15_180.png 0 5 -207 51 156
6-15_270.png 0 5 -207 51 156
6-15_fl.png 0 5 -207 51 156
7-1.png 5 5 -142 59 83
7-1_90.png 5 5 -142 59 83
7-1_180.png 5 5 -142 59 83
7-1_270.png 5 5 -142 59 83
7-1_fl.png 5 5 -142 59 83
7-2.png 5 5 -144 58 86
7-2_90.png 5 5 -144 58 86
7-2_180.png 5 5 -144 58 86
7-2_270.png 5 5 -144 58 86
7-2_fl.png 5 5 -144 58 86
7-3.png 5 5 -146 60 86
7-3_90.png 5 5 -146 60 86
7-3_180.png 5 5 -146 60 86
7-3_270.png 5 5 -146 60 86
7-3_fl.png 5 5 -146 60 86
7-4.png 5 5 -146 59 87
7-4_90.png 5 5 -146 59 87
7-4_180.png 5 5 -146 59 87
7-4_270.png 5 5 -146 59 87
7-4_fl.png 5 5 -146 59 87
7-5.png 5 5 -144 58 86
7-5_90.png 5 5 -144 58 86
7-5_180.png 5 5 -144 58 86
7-5_270.png 5 5 -144 58 86
7-5_fl.png 5 5 -144 58 86
7-11.png 5 5 -145 57 88
7-11_90.png 5 5 -145 57 88
7-11_180.png 5 5 -145 57 88
7-11_270.png 5 5 -145 57 88
7-11_fl.png 5 5 -145 57 88
7-12.png 5 5 -145 59 86
7-12_90.png 5 5 -145 59 86
7-12_180.png 5 5 -145 59 86
7-12_270.png 5 5 -145 59 86
7-12_fl.png 5 5 -145 59 86
7-13.png 5 5 -145 59 86
7-13_90.png 5 5 -145 59 86
7-13_180.png 5 5 -145 59 86
7-13_270.png 5 5 -145 59 86
7-13_fl.png 5 5 -145 59 86
7-14.png 5 5 -147 60 87
7-14_90.png 5 5 -147 60 87
7-14_180.png 5 5 -147 60 87
7-14_270.png 5 5 -147 60 87
7-14_fl.png 5 5 -147 60 87
7-15.png 5 5 -144 58 86
7-15_90.png 5 5 -144 58 86
7-15_180.png 5 5 -144 58 86
7-15_270.png 5 5 -144 58 86
7-15_fl.png 5 5 -144 58 86
8-1.png 10 5 -73 69 4
8-1_90.png 10 5 -73 69 4
8-1_180.png 10 5 -73 69 4
8-1_270.png 10 5 -73 69 4
8-1_fl.png 10 5 -73 69 4
8-2.png 10 5 -69 68 1
8-2_90.png 10 5 -69 68 1
8-2_180.png 10 5 -69 68 1
8-2_270.png 10 5 -69 68 1
8-2_fl.png 10 5 -69 68 1
8-3.png 10 5 -78 69 9
8-3_90.png 10 5 -78 69 9
8-3_180.png 10 5 -78 69 9
8-3_270.png 10 5 -78 69 9
8-3_fl.png 10 5 -78 69 9
8-4.png 10 5 -75 70 5
8-4_90.png 10 5 -75 70 5
8-4_180.png 10 5 -75 70 5
8-4_270.png 10 5 -75 70 5
8-4_fl.png 10 5 -75 70 5
8-5.png 10 5 -75 69 6
8-5_90.png 10 5 -75 69 6
8-5_180.png 10 5 -75 69 6
8-5_270.png 10 5 -75 69 6
8-5_fl.png 10 5 -75 69 6
8-11.png 10 5 -71 68 3
8-11_90.png 10 5 -71 68 3
8-11_180.png 10 5 -71 68 3
8-11_270.png 10 5 -71 68 3
8-11_fl.png 10 5 -71 68 3
8-12.png 10 5 -74 69 5
8-12_90.png 10 5 -74 69 5
8-12_180.png 10 5 -74 69 5
8-12_270.png 10 5 -74 69 5
8-12_fl.png 10 5 -74 69 5
8-13.png 10 5 -76 71 5
8-13_90.png 10 5 -76 71 5
8-13_180.png 10 5 -76 71 5
8-13_270.png 10 5 -76 71 5
8-13_fl.png 10 5 -76 71 5
8-14.png 10 5 -75 69 6
8-14_90.png 10 5 -75 69 6
8-14_180.png 10 5 -75 69 6
8-14_270.png 10 5 -75 69 6
8-14_fl.png 10 5 -75 69 6
8-15.png 10 5 -75 69 6
8-15_90.png 10 5 -75 69 6
8-15_180.png 10 5 -75 69 6
8-15_270.png 10 5 -75 69 6
8-15_fl.png 10 5 -75 69 6
9-1.png 15 5 -5 86 -81
9-1_90.png 15 5 -5 86 -81
9-1_180.png 15 5 -5 86 -81
9-1_270.png 15 5 -5 86 -81
9-1_fl.png 15 5 -5 86 -81
9-2.png 15 5 0 82 -82
9-2_90.png 15 5 0 82 -82
9-2_180.png 15 5 0 82 -82
9-2_270.png 15 5 0 82 -82
9-2_fl.png 15 5 0 82 -82
9-3.png 15 5 -4 86 -82
9-3_90.png 15 5 -4 86 -82
9-3_180.png 15 5 -4 86 -82
9-3_270.png 15 5 -4 86 -82
9-3_fl.png 15 5 -4 86 -82
9-4.png 15 5 -4 84 -80
9-4_90.png 15 5 -4 84 -80
9-4_180.png 15 5 -4 84 -80
9-4_270.png 15 5 -4 84 -80
9-4_fl.png 15 5 -4 84 -80
9-5.png 15 5 -3 84 -81
9-5_90.png 15 5 -3 84 -81
9-5_180.png 15 5 -3 84 -81
9-5_270.png 15 5 -3 84 -81
9-5_fl.png 15 5 -3 84 -81
9-11.png 15 5 -2 83 -81
9-11_90.png 15 5 -2 83 -81
9-11_180.png 15 5 -2 83 -81
9-11_270.png 15 5 -2 83 -81
9-11_fl.png 15 5 -2 83 -81
9-12.png 15 5 -1 83 -82
9-12_90.png 15 5 -1 83 -82
9-12_180.png 15 5 -1 83 -82
9-12_270.png 15 5 -1 83 -82
9-12_fl.png 15 5 -1 83 -82
9-13.png 15 5 -2 85 -83
9-13_90.png 15 5 -2 85 -83
9-13_180.png 15 5 -2 85 -83
9-13_270.png 15 5 -2 85 -83
9-13_fl.png 15 5 -2 85 -83
9-14.png 15 5 1 83 -84
9-14_90.png 15 5 1 83 -84
9-14_180.png 15 5 1 83 -84
9-14_270.png 15 5 1 83 -84
9-14_fl.png 15 5 1 83 -84
9-15.png 15 5 -2 86 -84
9-15_90.png 15 5 -2 86 -84
9-15_180.png 15 5 -2 86 -84
9-15_270.png 15 5 -2 86 -84
9-15_fl.png 15 5 -2 86 -84
10-1.png 20 5 57 89 -146
10-1_90.png 20 5 57 89 -146
10-1_180.png 20 5 57 89 -146
10-1_270.png 20 5 57 89 -146
10-1_fl.png 20 5 57 89 -146
10-2.png 20 5 61 88 -149
10-2_90.png 20 5 61 88 -149
10-2_180.png 20 5 61 88 -149
10-2_270.png 20 5 61 88 -149
10-2_fl.png 20 5 61 88 -149
10-3.png 20 5 58 91 -149
10-3_90.png 20 5 58 91 -149
10-3_180.png 20 5 58 91 -149
10-3_270.png 20 5 58 91 -149
10-3_fl.png 20 5 58 91 -149
10-4.png 20 5 59 87 -146
10-4_90.png 20 5 59 87 -146
10-4_180.png 20 5 59 87 -146
10-4_270.png 20 5 59 87 -146
10-4_fl.png 20 5 59 87 -146
10-5.png 20 5 63 91 -154
10-5_90.png 20 5 63 91 -154
10-5_180.png 20 5 63 91 -154
10-5_270.png 20 5 63 91 -154
10-5_fl.png 20 5 63 91 -154
10-11.png 20 5 61 87 -148
10-11_90.png 20 5 61 87 -148
10-11_180.png 20 5 61 87 -148
10-11_270.png 20 5 61 87 -148
10-11_fl.png 20 5 61 87 -148
10-12.png 20 5 59 89 -148
10-12_90.png 20 5 59 89 -148
10-12_180.png 20 5 59 89 -148
10-12_270.png 20 5 59 89 -148
10-12_fl.png 20 5 59 89 -148
10-13.png 20 5 58 90 -148
10-13_90.png 20 5 58 90 -148
10-13_180.png 20 5 58 90 -148
10-13_270.png 20 5 58 90 -148
10-13_fl.png 20 5 58 90 -148
10-14.png 20 5 57 90 -147
10-14_90.png 20 5 57 90 -147
10-14_180.png 20 5 57 90 -147
10-14_270.png 20 5 57 90 -147
10-14_fl.png 20 5 57 90 -147
10-15.png 20 5 65 91 -156
10-15_90.png 20 5 65 91 -156
10-15_180.png 20 5 65 91 -156
10-15_270.png 20 5 65 91 -156
10-15_fl.png 20 5 65 91 -156
11-1.png 0 10 -129 3 126
11-1_90.png 0 10 -129 3 126
11-1_180.png 0 10 -129 3 126
11-1_270.png 0 10 -129 3 126
11-1_fl.png 0 10 -129 3 126
11-2.png 0 10 -129 3 126
11-2_90.png 0 10 -129 3 126
11-2_180.png 0 10 -129 3 126
11-2_270.png 0 10 -129 3 126
11-2_fl.png 0 10 -129 3 126
11-3.png 0 10 -133 3 130
11-3_90.png 0 10 -133 3 130
11-3_180.png 0 10 -133 3 130
11-3_270.png 0 10 -133 3 130
11-3_fl.png 0 10 -133 3 130
11-4.png 0 10 -128 0 128
11-4_90.png 0 10 -128 0 128
11-4_180.png 0 10 -128 0 128
11-4_270.png 0 10 -128 0 128
11-4_fl.png 0 10 -128 0 128
11-5.png 0 10 -126 -1 127
11-5_90.png 0 10 -126 -1 127
11-5_180.png 0 10 -126 -1 127
11-5_270.png 0 10 -126 -1 127
11-5_fl.png 0 10 -126 -1 127
11-11.png 0 10 -129 3 126
11-11_90.png 0 10 -129 3 126
11-11_180.png 0 10 -129 3 126
11-11_270.png 0 10 -129 3 126
11-11_fl.png 0 10 -129 3 126
11-12.png 0 10 -131 3 128
11-12_90.png 0 10 -131 3 128
11-12_180.png 0 10 -131 3 128
11-12_270.png 0 10 -131 3 128
11-12_fl.png 0 10 -131 3 128
11-13.png 0 10 -126 3 123
11-13_90.png 0 10 -126 3 123
11-13_180.png 0 10 -126 3 123
11-13_270.png 0 10 -126 3 123
11-13_fl.png 0 10 -126 3 123
11-14.png 0 10 -127 -2 129
11-14_90.png 0 10 -127 -2 129
11-14_180.png 0 10 -127 -2 129
11-14_270.png 0 10 -127 -2 129
11-14_fl.png 0 10 -127 -2 129
11-15.png 0 10 -126 3 123
11-15_90.png 0 10 -126 3 123
11-15_180.png 0 10 -126 3 123
11-15_270.png 0 10 -126 3 123
11-15_fl.png 0 10 -126 3 123
12-1.png 5 10 -71 3 68
12-1_90.png 5 10 -71 3 68
12-1_180.png 5 10 -71 3 68
12-1_270.png 5 10 -71 3 68
12-1_fl.png 5 10 -71 3 68
12-2.png 5 10 -72 2 70
12-2_90.png 5 10 -72 2 70
12-2_180.png 5 10 -72 2 70
12-2_270.png 5 10 -72 2 70
12-2_fl.png 5 10 -72 2 70
12-3.png 5 10 -70 3 67
12-3_90.png 5 10 -70 3 67
12-3_180.png 5 10 -70 3 67
12-3_270.png 5 10 -70 3 67
12-3_fl.png 5 10 -70 3 67
12-4.png 5 10 -67 2 65
12-4_90.png 5 10 -67 2 65
12-4_180.png 5 10 -67 2 65
12-4_270.png 5 10 -67 2 65
12-4_fl.png 5 10 -67 2 65
12-5.png 5 10 -66 -3 69
12-5_90.png 5 10 -66 -3 69
12-5_180.png 5 10 -66 -3 69
12-5_270.png 5 10 -66 -3 69
12-5_fl.png 5 10 -66 -3 69
12-11.png 5 10 -71 4 67
12-11_90.png 5 10 -71 4 67
12-11_180.png 5 10 -71 4 67
12-11_270.png 5 10 -71 4 67
12-11_fl.png 5 10 -71 4 67
12-12.png 5 10 -71 0 71
12-12_90.png 5 10 -71 0 71
12-12_180.png 5 10 -71 0 71
12-12_270.png 5 10 -71 0 71
12-12_fl.png 5 10 -71 0 71
12-13.png 5 10 -71 5 66
12-13_90.png 5 10 -71 5 66
12-13_180.png 5 10 -71 5 66
12-13_270.png 5 10 -71 5 66
12-13_fl.png 5 10 -71 5 66
12-14.png 5 10 -65 2 63
12-14_90.png 5 10 -65 2 63
12-14_180.png 5 10 -65 2 63
12-14_270.png 5 10 -65 2 63
12-14_fl.png 5 10 -65 2 63
12-15.png 5 10 -67 3 64
12-15_90.png 5 10 -67 3 64
12-15_180.png 5 10 -67 3 64
12-15_270.png 5 10 -67 3 64
12-15_fl.png 5 10 -67 3 64
13-1.png 10 10 -1 2 -1
13-1_90.png 10 10 -1 2 -1
13-1_180.png 10 10 -1 2 -1
13-1_270.png 10 10 -1 2 -1
13-1_fl.png 10 10 -1 2 -1
13-2.png 10 10 4 -6 2
13-2_90.png 10 10 4 -6 2
13-2_180.png 10 10 4 -6 2
13-2_270.png 10 10 4 -6 2
13-2_fl.png 10 10 4 -6 2
13-3.png 10 10 -1 0 1
13-3_90.png 10 10 -1 0 1
13-3_180.png 10 10 -1 0 1
13-3_270.png 10 10 -1 0 1
13-3_fl.png 10 10 -1 0 1
13-4.png 10 10 -2 0 2
13-4_90.png 10 10 -2 0 2
13-4_180.png 10 10 -2 0 2
13-4_270.png 10 10 -2 0 2
13-4_fl.png 10 10 -2 0 2
13-5.png 10 10 4 -4 0
13-5_90.png 10 10 4 -4 0
13-5_180.png 10 10 4 -4 0
13-5_270.png 10 10 4 -4 0
13-5_fl.png 10 10 4 -4 0
13-11.png 10 10 -5 3 2
13-11_90.png 10 10 -5 3 2
13-11_180.png 10 10 -5 3 2
13-11_270.png 10 10 -5 3 2
13-11_fl.png 10 10 -5 3 2
13-12.png 10 10 1 -1 0
13-12_90.png 10 10 1 -1 0
13-12_180.png 10 10 1 -1 0
13-12_270.png 10 10 1 -1 0
13-12_fl.png 10 10 1 -1 0
13-13.png 10 10 -2 -1 3
13-13_90.png 10 10 -2 -1 3
13-13_180.png 10 10 -2 -1 3
13-13_270.png 10 10 -2 -1 3
13-13_fl.png 10 10 -2 -1 3
13-14.png 10 10 0 1 -1
13-14_90.png 10 10 0 1 -1
13-14_180.png 10 10 0 1 -1
13-14_270.png 10 10 0 1 -1
13-14_fl.png 10 10 0 1 -1
13-15.png 10 10 0 1 -1
13-15_90.png 10 10 0 1 -1
13-15_180.png 10 10 0 1 -1
13-15_270.png 10 10 0 1 -1
13-15_fl.png 10 10 0 1 -1
14-1.png 15 10 73 -5 -68
14-1_90.png 15 10 73 -5 -68
14-1_180.png 15 10 73 -5 -68
14-1_270.png 15 10 73 -5 -68
14-1_fl.png 15 10 73 -5 -68
14-2.png 15 10 68 -3 -65
14-2_90.png 15 10 68 -3 -65
14-2_180.png 15 10 68 -3 -65
14-2_270.png 15 10 68 -3 -65
14-2_fl.png 15 10 68 -3 -65
14-3.png 15 10 70 -5 -65
14-3_90.png 15 10 70 -5 -65
14-3_180.png 15 10 70 -5 -65
14-3_270.png 15 10 70 -5 -65
14-3_fl.png 15 10 70 -5 -65
14-4.png 15 10 67 -4 -63
14-4_90.png 15 10 67 -4 -63
14-4_180.png 15 10 67 -4 -63
14-4_270.png 15 10 67 -4 -63
14-4_fl.png 15 10 67 -4 -63
14-5.png 15 10 68 -4 -64
14-5_90.png 15 10 68 -4 -64
14-5_180.png 15 10 68 -4 -64
14-5_270.png 15 10 68 -4 -64
14-5_fl.png 15 10 68 -4 -64
14-11.png 15 10 66 -2 -64
14-11_90.png 15 10 66 -2 -64
14-11_180.png 15 10 66 -2 -64
14-11_270.png 15 10 66 -2 -64
14-11_fl.png 15 10 66 -2 -64
14-12.png 15 10 71 -4 -67
14-12_90.png 15 10 71 -4 -67
14-12_180.png 15 10 71 -4 -67
14-12_270.png 15 10 71 -4 -67
14-12_fl.png 15 10 71 -4 -67
14-13.png 15 10 69 -5 -64
14-13_90.png 15 10 69 -5 -64
14-13_180.png 15 10 69 -5 -64
14-13_270.png 15 10 69 -5 -64
14-13_fl.png 15 10 69 -5 -64
14-14.png 15 10 65 -6 -59
14-14_90.png 15 10 65 -6 -59
14-14_180.png 15 10 65 -6 -59
14-14_270.png 15 10 65 -6 -59
14-14_fl.png 15 10 65 -6 -59
14-15.png 15 10 66 -1 -65
14-15_90.png 15 10 66 -1 -65
14-15_180.png 15 10 66 -1 -65
14-15_270.png 15 10 66 -1 -65
14-15_fl.png 15 10 66 -1 -65
15-1.png 20 10 130 -11 -119
15-1_90.png 20 10 130 -11 -119
15-1_180.png 20 10 130 -11 -119
15-1_270.png 20 10 130 -11 -119
15-1_fl.png 20 10 130 -11 -119
15-2.png 20 10 127 -11 -116
15-2_90.png 20 10 127 -11 -116
15-2_180.png 20 10 127 -11 -116
15-2_270.png 20 10 127 -11 -116
15-2_fl.png 20 10 127 -11 -116
15-3.png 20 10 126 -9 -117
15-3_90.png 20 10 126 -9 -117
15-3_180.png 20 10 126 -9 -117
15-3_270.png 20 10 126 -9 -117
15-3_fl.png 20 10 126 -9 -117
15-4.png 20 10 128 -10 -118
15-4_90.png 20 10 128 -10 -118
15-4_180.png 20 10 128 -10 -118
15-4_270.png 20 10 128 -10 -118
15-4_fl.png 20 10 128 -10 -118
15-5.png 20 10 128 -8 -120
15-5_90.png 20 10 128 -8 -120
15-5_180.png 20 10 128 -8 -120
15-5_270.png 20 10 128 -8 -120
15-5_fl.png 20 10 128 -8 -120
15-11.png 20 10 124 -6 -118
15-11_90.png 20 10 124 -6 -118
15-11_180.png 20 10 124 -6 -118
15-11_270.png 20 10 124 -6 -118
15-11_fl.png 20 10 124 -6 -118
15-12.png 20 10 128 -11 -117
15-12_90.png 20 10 128 -11 -117
15-12_180.png 20 10 128 -11 -117
15-12_270.png 20 10 128 -11 -117
15-12_fl.png 20 10 128 -11 -117
15-13.png 20 10 127 -11 -116
15-13_90.png 20 10 127 -11 -116
15-13_180.png 20 10 127 -11 -116
15-13_270.png 20 10 127 -11 -116
15-13_fl.png 20 10 127 -11 -116
15-14.png 20 10 130 -9 -121
15-14_90.png 20 10 130 -9 -121
15-14_180.png 20 10 130 -9 -121
15-14_270.png 20 10 130 -9 -121
15-14_fl.png 20 10 130 -9 -121
15-15.png 20 10 128 -12 -116
15-15_90.png 20 10 128 -12 -116
15-15_180.png 20 10 128 -12 -116
15-15_270.png 20 10 128 -12 -116
15-15_fl.png 20 10 128 -12 -116
16-1.png 0 15 -64 -40 104
16-1_90.png 0 15 -64 -40 104
16-1_180.png 0 15 -64 -40 104
16-1_270.png 0 15 -64 -40 104
16-1_fl.png 0 15 -64 -40 104
16-2.png 0 15 -62 -44 106
16-2_90.png 0 15 -62 -44 106
16-2_180.png 0 15 -62 -44 106
16-2_270.png 0 15 -62 -44 106
16-2_fl.png 0 15 -62 -44 106
16-3.png 0 15 -62 -40 102
16-3_90.png 0 15 -62 -40 102
16-3_180.png 0 15 -62 -40 102
16-3_270.png 0 15 -62 -40 102
16-3_fl.png 0 15 -62 -40 102
16-4.png 0 15 -57 -45 102
16-4_90.png 0 15 -57 -45 102
16-4_180.png 0 15 -57 -45 102
16-4_270.png 0 15 -57 -45 102
16-4_fl.png 0 15 -57 -45 102
16-5.png 0 15 -60 -41 101
16-5_90.png 0 15 -60 -41 101
16-5_180.png 0 15 -60 -41 101
16-5_270.png 0 15 -60 -41 101
16-5_fl.png 0 15 -60 -41 101
16-11.png 0 15 -63 -43 106
16-11_90.png 0 15 -63 -43 106
16-11_180.png 0 15 -63 -43 106
16-11_270.png 0 15 -63 -43 106
16-11_fl.png 0 15 -63 -43 106
16-12.png 0 15 -57 -42 99
16-12_90.png 0 15 -57 -42 99
16-12_180.png 0 15 -57 -42 99
16-12_270.png 0 15 -57 -42 99
16-12_fl.png 0 15 -57 -42 99
16-13.png 0 15 -56 -51 107
16-13_90.png 0 15 -56 -51 107
16-13_180.png 0 15 -56 -51 107
16-13_270.png 0 15 -56 -51 107
16-13_fl.png 0 15 -56 -51 107
16-14.png 0 15 -41 -50 91
16-14_90.png 0 15 -41 -50 91
16-14_180.png 0 15 -41 -50 91
16-14_270.png 0 15 -41 -50 91
16-14_fl.png 0 15 -41 -50 91
16-15.png 0 15 -63 -38 101
16-15_90.png 0 15 -63 -38 101
16-15_180.png 0 15 -63 -38 101
16-15_270.png 0 15 -63 -38 101
16-15_fl.png 0 15 -63 -38 101
17-1.png 5 15 -3 -48 51
17-1_90.png 5 15 -3 -48 51
17-1_180.png 5 15 -3 -48 51
17-1_270.png 5 15 -3 -48 51
17-1_fl.png 5 15 -3 -48 51
17-2.png 5 15 -2 -49 51
17-2_90.png 5 15 -2 -49 51
17-2_180.png 5 15 -2 -49 51
17-2_270.png 5 15 -2 -49 51
17-2_fl.png 5 15 -2 -49 51
17-3.png 5 15 4 -52 48
17-3_90.png 5 15 4 -52 48
17-3_180.png 5 15 4 -52 48
17-3_270.png 5 15 4 -52 48
17-3_fl.png 5 15 4 -52 48
17-4.png 5 15 1 -54 53
17-4_90.png 5 15 1 -54 53
17-4_180.png 5 15 1 -54 53
17-4_270.png 5 15 1 -54 53
17-4_fl.png 5 15 1 -54 53
17-5.png 5 15 1 -55 54
17-5_90.png 5 15 1 -55 54
17-5_180.png 5 15 1 -55 54
17-5_270.png 5 15 1 -55 54
17-5_fl.png 5 15 1 -55 54
17-11.png 5 15 -2 -48 50
17-11_90.png 5 15 -2 -48 50
17-11_180.png 5 15 -2 -48 50
17-11_270.png 5 15 -2 -48 50
17-11_fl.png 5 15 -2 -48 50
17-12.png 5 15 -2 -52 54
17-12_90.png 5 15 -2 -52 54
17-12_180.png 5 15 -2 -52 54
17-12_270.png 5 15 -2 -52 54
17-12_fl.png 5 15 -2 -52 54
17-13.png 5 15 0 -54 54
17-13_90.png 5 15 0 -54 54
17-13_180.png 5 15 0 -54 54
17-13_270.png 5 15 0 -54 54
17-13_fl.png 5 15 0 -54 54
17-14.png 5 15 1 -54 53
17-14_90.png 5 15 1 -54 53
17-14_180.png 5 15 1 -54 53
17-14_270.png 5 15 1 -54 53
17-14_fl.png 5 15 1 -54 53
17-15.png 5 15 1 -54 53
17-15_90.png 5 15 1 -54 53
17-15_180.png 5 15 1 -54 53
17-15_270.png 5 15 1 -54 53
17-15_fl.png 5 15 1 -54 53
18-1.png 10 15 73 -70 -3
18-1_90.png 10 15 73 -70 -3
18-1_180.png 10 15 73 -70 -3
18-1_270.png 10 15 73 -70 -3
18-1_fl.png 10 15 73 -70 -3
18-2.png 10 15 73 -69 -4
18-2_90.png 10 15 73 -69 -4
18-2_180.png 10 15 73 -69 -4
18-2_270.png 10 15 73 -69 -4
18-2_fl.png 10 15 73 -69 -4
18-3.png 10 15 72 -74 2
18-3_90.png 10 15 72 -74 2
18-3_180.png 10 15 72 -74 2
18-3_270.png 10 15 72 -74 2
18-3_fl.png 10 15 72 -74 2
18-4.png 10 15 72 -75 3
18-4_90.png 10 15 72 -75 3
18-4_180.png 10 15 72 -75 3
18-4_270.png 10 15 72 -75 3
18-4_fl.png 10 15 72 -75 3
18-5.png 10 15 66 -71 5
18-5_90.png 10 15 66 -71 5
18-5_180.png 10 15 66 -71 5
18-5_270.png 10 15 66 -71 5
18-5_fl.png 10 15 66 -71 5
18-11.png 10 15 68 -68 0
18-11_90.png 10 15 68 -68 0
18-11_180.png 10 15 68 -68 0
18-11_270.png 10 15 68 -68 0
18-11_fl.png 10 15 68 -68 0
18-12.png 10 15 71 -71 0
18-12_90.png 10 15 71 -71 0
18-12_180.png 10 15 71 -71 0
18-12_270.png 10 15 71 -71 0
18-12_fl.png 10 15 71 -71 0
18-13.png 10 15 73 -71 -2
18-13_90.png 10 15 73 -71 -2
18-13_180.png 10 15 73 -71 -2
18-13_270.png 10 15 73 -71 -2
18-13_fl.png 10 15 73 -71 -2
18-14.png 10 15 73 -71 -2
18-14_90.png 10 15 73 -71 -2
18-14_180.png 10 15 73 -71 -2
18-14_270.png 10 15 73 -71 -2
18-14_fl.png 10 15 73 -71 -2
18-15.png 10 15 68 -67 -1
18-15_90.png 10 15 68 -67 -1
18-15_180.png 10 15 68 -67 -1
18-15_270.png 10 15 68 -67 -1
18-15_fl.png 10 15 68 -67 -1
19-1.png 15 15 141 -88 -53
19-1_90.png 15 15 141 -88 -53
19-1_180.png 15 15 141 -88 -53
19-1_270.png 15 15 141 -88 -53
19-1_fl.png 15 15 141 -88 -53
19-2.png 15 15 142 -89 -53
19-2_90.png 15 15 142 -89 -53
19-2_180.png 15 15 142 -89 -53
19-2_270.png 15 15 142 -89 -53
19-2_fl.png 15 15 142 -89 -53
19-3.png 15 15 140 -91 -49
19-3_90.png 15 15 140 -91 -49
19-3_180.png 15 15 140 -91 -49
19-3_270.png 15 15 140 -91 -49
19-3_fl.png 15 15 140 -91 -49
19-4.png 15 15 143 -94 -49
19-4_90.png 15 15 143 -94 -49
19-4_180.png 15 15 143 -94 -49
19-4_270.png 15 15 143 -94 -49
19-4_fl.png 15 15 143 -94 -49
19-5.png 15 15 140 -86 -54
19-5_90.png 15 15 140 -86 -54
19-5_180.png 15 15 140 -86 -54
19-5_270.png 15 15 140 -86 -54
19-5_fl.png 15 15 140 -86 -54
19-11.png 15 15 142 -89 -53
19-11_90.png 15 15 142 -89 -53
19-11_180.png 15 15 142 -89 -53
19-11_270.png 15 15 142 -89 -53
19-11_fl.png 15 15 142 -89 -53
19-12.png 15 15 138 -86 -52
19-12_90.png 15 15 138 -86 -52
19-12_180.png 15 15 138 -86 -52
19-12_270.png 15 15 138 -86 -52
19-12_fl.png 15 15 138 -86 -52
19-13.png 15 15 141 -91 -50
19-13_90.png 15 15 141 -91 -50
19-13_180.png 15 15 141 -91 -50
19-13_270.png 15 15 141 -91 -50
19-13_fl.png 15 15 141 -91 -50
19-14.png 15 15 143 -89 -54
19-14_90.png 15 15 143 -89 -54
19-14_180.png 15 15 143 -89 -54
19-14_270.png 15 15 143 -89 -54
19-14_fl.png 15 15 143 -89 -54
19-15.png 15 15 141 -92 -49
19-15_90.png 15 15 141 -92 -49
19-15_180.png 15 15 141 -92 -49
19-15_270.png 15 15 141 -92 -49
19-15_fl.png 15 15 141 -92 -49
20-1.png 20 15 207 -114 -93
20-1_90.png 20 15 207 -114 -93
20-1_180.png 20 15 207 -114 -93
20-1_270.png 20 15 207 -114 -93
20-1_fl.png 20 15 207 -114 -93
20-2.png 20 15 208 -117 -91
20-2_90.png 20 15 208 -117 -91
20-2_180.png 20 15 208 -117 -91
20-2_270.png 20 15 208 -117 -91
20-2_fl.png 20 15 208 -117 -91
20-3.png 20 15 204 -112 -92
20-3_90.png 20 15 204 -112 -92
20-3_180.png 20 15 204 -112 -92
20-3_270.png 20 15 204 -112 -92
20-3_fl.png 20 15 204 -112 -92
20-4.png 20 15 205 -113 -92
20-4_90.png 20 15 205 -113 -92
20-4_180.png 20 15 205 -113 -92
20-4_270.png 20 15 205 -113 -92
20-4_fl.png 20 15 205 -113 -92
20-5.png 20 15 204 -111 -93
20-5_90.png 20 15 204 -111 -93
20-5_180.png 20 15 204 -111 -93
20-5_270.png 20 15 204 -111 -93
20-5_fl.png 20 15 204 -111 -93
20-11.png 20 15 204 -111 -93
20-11_90.png 20 15 204 -111 -93
20-11_180.png 20 15 204 -111 -93
20-11_270.png 20 15 204 -111 -93
20-11_fl.png 20 15 204 -111 -93
20-12.png 20 15 205 -115 -90
20-12_90.png 20 15 205 -115 -90
20-12_180.png 20 15 205 -115 -90
20-12_270.png 20 15 205 -115 -90
20-12_fl.png 20 15 205 -115 -90
20-13.png 20 15 206 -114 -92
20-13_90.png 20 15 206 -114 -92
20-13_180.png 20 15 206 -114 -92
20-13_270.png 20 15 206 -114 -92
20-13_fl.png 20 15 206 -114 -92
20-14.png 20 15 204 -112 -92
20-14_90.png 20 15 204 -112 -92
20-14_180.png 20 15 204 -112 -92
20-14_270.png 20 15 204 -112 -92
20-14_fl.png 20 15 204 -112 -92
20-15.png 20 15 208 -115 -93
20-15_90.png 20 15 208 -115 -93
20-15_180.png 20 15 208 -115 -93
20-15_270.png 20 15 208 -115 -93
20-15_fl.png 20 15 208 -115 -93
21-1.png 0 20 -9 -86 95
21-1_90.png 0 20 -9 -86 95
21-1_180.png 0 20 -9 -86 95
21-1_270.png 0 20 -9 -86 95
21-1_fl.png 0 20 -9 -86 95
21-2.png 0 20 -7 -78 85
21-2_90.png 0 20 -7 -78 85
21-2_180.png 0 20 -7 -78 85
21-2_270.png 0 20 -7 -78 85
21-2_fl.png 0 20 -7 -78 85
21-3.png 0 20 -10 -86 96
21-3_90.png 0 20 -10 -86 96
21-3_180.png 0 20 -10 -86 96
21-3_270.png 0 20 -10 -86 96
21-3_fl.png 0 20 -10 -86 96
21-4.png 0 20 -9 -81 90
21-4_90.png 0 20 -9 -81 90
21-4_180.png 0 20 -9 -81 90
21-4_270.png 0 20 -9 -81 90
21-4_fl.png 0 20 -9 -81 90
21-5.png 0 20 -8 -82 90
21-5_90.png 0 20 -8 -82 90
21-5_180.png 0 20 -8 -82 90
21-5_270.png 0 20 -8 -82 90
21-5_fl.png 0 20 -8 -82 90
21-11.png 0 20 -8 -82 90
21-11_90.png 0 20 -8 -82 90
21-11_180.png 0 20 -8 -82 90
21-11_270.png 0 20 -8 -82 90
21-11_fl.png 0 20 -8 -82 90
21-12.png 0 20 -9 -78 87
21-12_90.png 0 20 -9 -78 87
21-12_180.png 0 20 -9 -78 87
21-12_270.png 0 20 -9 -78 87
21-12_fl.png 0 20 -9 -78 87
21-13.png 0 20 -10 -77 87
21-13_90.png 0 20 -10 -77 87
21-13_180.png 0 20 -10 -77 87
21-13_270.png 0 20 -10 -77 87
21-13_fl.png 0 20 -10 -77 87
21-14.png 0 20 -2 -84 86
21-14_90.png 0 20 -2 -84 86
21-14_180.png 0 20 -2 -84 86
21-14_270.png 0 20 -2 -84 86
21-14_fl.png 0 20 -2 -84 86
21-15.png 0 20 -8 -78 86
21-15_90.png 0 20 -8 -78 86
21-15_180.png 0 20 -8 -78 86
21-15_270.png 0 20 -8 -78 86
21-15_fl.png 0 20 -8 -78 86
22-1.png 5 20 55 -100 45
22-1_90.png 5 20 55 -100 45
22-1_180.png 5 20 55 -100 45
22-1_270.png 5 20 55 -100 45
22-1_fl.png 5 20 55 -100 45
22-2.png 5 20 52 -103 51
22-2_90.png 5 20 52 -103 51
22-2_180.png 5 20 52 -103 51
22-2_270.png 5 20 52 -103 51
22-2_fl.png 5 20 52 -103 51
22-3.png 5 20 52 -97 45
22-3_90.png 5 20 52 -97 45
22-3_180.png 5 20 52 -97 45
22-3_270.png 5 20 52 -97 45
22-3_fl.png 5 20 52 -97 45
22-4.png 5 20 54 -99 45
22-4_90.png 5 20 54 -99 45
22-4_180.png 5 20 54 -99 45
22-4_270.png 5 20 54 -99 45
22-4_fl.png 5 20 54 -99 45
22-5.png 5 20 56 -105 49
22-5_90.png 5 20 56 -105 49
22-5_180.png 5 20 56 -105 49
22-5_270.png 5 20 56 -105 49
22-5_fl.png 5 20 56 -105 49
22-11.png 5 20 58 -101 43
22-11_90.png 5 20 58 -101 43
22-11_180.png 5 20 58 -101 43
22-11_270.png 5 20 58 -101 43
22-11_fl.png 5 20 58 -101 43
22-12.png 5 20 56 -99 43
22-12_90.png 5 20 56 -99 43
22-12_180.png 5 20 56 -99 43
22-12_270.png 5 20 56 -99 43
22-12_fl.png 5 20 56 -99 43
22-13.png 5 20 57 -106 49
22-13_90.png 5 20 57 -106 49
22-13_180.png 5 20 57 -106 49
22-13_270.png 5 20 57 -106 49
22-13_fl.png 5 20 57 -106 49
22-14.png 5 20 60 -107 47
22-14_90.png 5 20 60 -107 47
22-14_180.png 5 20 60 -107 47
22-14_270.png 5 20 60 -107 47
22-14_fl.png 5 20 60 -107 47
22-15.png 5 20 59 -106 47
22-15_90.png 5 20 59 -106 47
22-15_180.png 5 20 59 -106 47
22-15_270.png 5 20 59 -106 47
22-15_fl.png 5 20 59 -106 47
23-1.png 10 20 125 -130 5
23-1_90.png 10 20 125 -130 5
23-1_180.png 10 20 125 -130 5
23-1_270.png 10 20 125 -130 5
23-1_fl.png 10 20 125 -130 5
23-2.png 10 20 129 -133 4
23-2_90.png 10 20 129 -133 4
23-2_180.png 10 20 129 -133 4
23-2_270.png 10 20 129 -133 4
23-2_fl.png 10 20 129 -133 4
23-3.png 10 20 130 -129 -1
23-3_90.png 10 20 130 -129 -1
23-3_180.png 10 20 130 -129 -1
23-3_270.png 10 20 130 -129 -1
23-3_fl.png 10 20 130 -129 -1
23-4.png 10 20 127 -132 5
23-4_90.png 10 20 127 -132 5
23-4_180.png 10 20 127 -132 5
23-4_270.png 10 20 127 -132 5
23-4_fl.png 10 20 127 -132 5
23-5.png 10 20 128 -128 0
23-5_90.png 10 20 128 -128 0
23-5_180.png 10 20 128 -128 0
23-5_270.png 10 20 128 -128 0
23-5_fl.png 10 20 128 -128 0
23-11.png 10 20 126 -133 7
23-11_90.png 10 20 126 -133 7
23-11_180.png 10 20 126 -133 7
23-11_270.png 10 20 126 -133 7
23-11_fl.png 10 20 126 -133 7
23-12.png 10 20 128 -129 1
23-12_90.png 10 20 128 -129 1
23-12_180.png 10 20 128 -129 1
23-12_270.png 10 20 128 -129 1
23-12_fl.png 10 20 128 -129 1
23-13.png 10 20 126 -128 2
23-13_90.png 10 20 126 -128 2
23-13_180.png 10 20 126 -128 2
23-13_270.png 10 20 126 -128 2
23-13_fl.png 10 20 126 -128 2
23-14.png 10 20 126 -128 2
23-14_90.png 10 20 126 -128 2
23-14_180.png 10 20 126 -128 2
23-14_270.png 10 20 126 -128 2
23-14_fl.png 10 20 126 -128 2
23-15.png 10 20 125 -131 6
23-15_90.png 10 20 125 -131 6
23-15_180.png 10 20 125 -131 6
23-15_270.png 10 20 125 -131 6
23-15_fl.png 10 20 125 -131 6
24-1.png 15 20 204 -162 -42
24-1_90.png 15 20 204 -162 -42
24-1_180.png 15 20 204 -162 -42
24-1_270.png 15 20 204 -162 -42
24-1_fl.png 15 20 204 -162 -42
24-2.png 15 20 203 -157 -46
24-2_90.png 15 20 203 -157 -46
24-2_180.png 15 20 203 -157 -46
24-2_270.png 15 20 203 -157 -46
24-2_fl.png 15 20 203 -157 -46
24-3.png 15 20 201 -159 -42
24-3_90.png 15 20 201 -159 -42
24-3_180.png 15 20 201 -159 -42
24-3_270.png 15 20 201 -159 -42
24-3_fl.png 15 20 201 -159 -42
24-4.png 15 20 203 -162 -41
24-4_90.png 15 20 203 -162 -41
24-4_180.png 15 20 203 -162 -41
24-4_270.png 15 20 203 -162 -41
24-4_fl.png 15 20 203 -162 -41
24-5.png 15 20 198 -163 -35
24-5_90.png 15 20 198 -163 -35
24-5_180.png 15 20 198 -163 -35
24-5_270.png 15 20 198 -163 -35
24-5_fl.png 15 20 198 -163 -35
24-11.png 15 20 203 -162 -41
24-11_90.png 15 20 203 -162 -41
24-11_180.png 15 20 203 -162 -41
24-11_270.png 15 20 203 -162 -41
24-11_fl.png 15 20 203 -162 -41
24-12.png 15 20 202 -156 -46
24-12_90.png 15 20 202 -156 -46
24-12_180.png 15 20 202 -156 -46
24-12_270.png 15 20 202 -156 -46
24-12_fl.png 15 20 202 -156 -46
24-13.png 15 20 199 -158 -41
24-13_90.png 15 20 199 -158 -41
24-13_180.png 15 20 199 -158 -41
24-13_270.png 15 20 199 -158 -41
24-13_fl.png 15 20 199 -158 -41
24-14.png 15 20 204 -163 -41
24-14_90.png 15 20 204 -163 -41
24-14_180.png 15 20 204 -163 -41
24-14_270.png 15 20 204 -163 -41
24-14_fl.png 15 20 204 -163 -41
24-15.png 15 20 202 -161 -41
24-15_90.png 15 20 202 -161 -41
24-15_180.png 15 20 202 -161 -41
24-15_270.png 15 20 202 -161 -41
24-15_fl.png 15 20 202 -161 -41
25-1.png 20 20 276 -196 -80
25-1_90.png 20 20 276 -196 -80
25-1_180.png 20 20 276 -196 -80
25-1_270.png 20 20 276 -196 -80
25-1_fl.png 20 20 276 -196 -80
25-2.png 20 20 280 -195 -85
25-2_90.png 20 20 280 -195 -85
25-2_180.png 20 20 280 -195 -85
25-2_270.png 20 20 280 -195 -85
25-2_fl.png 20 20 280 -195 -85
25-3.png 20 20 276 -195 -81
25-3_90.png 20 20 276 -195 -81
25-3_180.png 20 20 276 -195 -81
25-3_270.png 20 20 276 -195 -81
25-3_fl.png 20 20 276 -195 -81
25-4.png 20 20 277 -196 -81
25-4_90.png 20 20 277 -196 -81
25-4_180.png 20 20 277 -196 -81
25-4_270.png 20 20 277 -196 -81
25-4_fl.png 20 20 277 -196 -81
25-5.png 20 20 281 -198 -83
25-5_90.png 20 20 281 -198 -83
25-5_180.png 20 20 281 -198 -83
25-5_270.png 20 20 281 -198 -83
25-5_fl.png 20 20 281 -198 -83
25-11.png 20 20 282 -196 -86
25-11_90.png 20 20 282 -196 -86
25-11_180.png 20 20 282 -196 -86
25-11_270.png 20 20 282 -196 -86
25-11_fl.png 20 20 282 -196 -86
25-12.png 20 20 282 -196 -86
25-12_90.png 20 20 282 -196 -86
25-12_180.png 20 20 282 -196 -86
25-12_270.png 20 20 282 -196 -86
25-12_fl.png 20 20 282 -196 -86
25-13.png 20 20 283 -200 -83
25-13_90.png 20 20 283 -200 -83
25-13_180.png 20 20 283 -200 -83
25-13_270.png 20 20 283 -200 -83
25-13_fl.png 20 20 283 -200 -83
25-14.png 20 20 281 -200 -81
25-14_90.png 20 20 281 -200 -81
25-14_180.png 20 20 281 -200 -81
25-14_270.png 20 20 281 -200 -81
25-14_fl.png 20 20 281 -200 -81
25-15.png 20 20 281 -199 -82
25-15_90.png 20 20 281 -199 -82
25-15_180.png 20 20 281 -199 -82
25-15_270.png 20 20 281 -199 -82
25-15_fl.png 20 20 281 -199 -82
