1-6.png 0 0 -289 89 200
1-6_90.png 0 0 -289 89 200
1-6_180.png 0 0 -289 89 200
1-6_270.png 0 0 -289 89 200
1-6_fl.png 0 0 -289 89 200
1-7.png 0 0 -291 86 205
1-7_90.png 0 0 -291 86 205
1-7_180.png 0 0 -291 86 205
1-7_270.png 0 0 -291 86 205
1-7_fl.png 0 0 -291 86 205
1-8.png 0 0 -296 89 207
1-8_90.png 0 0 -296 89 207
1-8_180.png 0 0 -296 89 207
1-8_270.png 0 0 -296 89 207
1-8_fl.png 0 0 -296 89 207
1-9.png 0 0 -288 87 201
1-9_90.png 0 0 -288 87 201
1-9_180.png 0 0 -288 87 201
1-9_270.png 0 0 -288 87 201
1-9_fl.png 0 0 -288 87 201
1-10.png 0 0 -288 82 206
1-10_90.png 0 0 -288 82 206
1-10_180.png 0 0 -288 82 206
1-10_270.png 0 0 -288 82 206
1-10_fl.png 0 0 -288 82 206
1-11.png 0 0 -297 90 207
1-11_90.png 0 0 -297 90 207
1-11_180.png 0 0 -297 90 207
1-11_270.png 0 0 -297 90 207
1-11_fl.png 0 0 -297 90 207
1-12.png 0 0 -289 83 206
1-12_90.png 0 0 -289 83 206
1-12_180.png 0 0 -289 83 206
1-12_270.png 0 0 -289 83 206
1-12_fl.png 0 0 -289 83 206
1-13.png 0 0 -291 90 201
1-13_90.png 0 0 -291 90 201
1-13_180.png 0 0 -291 90 201
1-13_270.png 0 0 -291 90 201
1-13_fl.png 0 0 -291 90 201
1-14.png 0 0 -292 89 203
1-14_90.png 0 0 -292 89 203
1-14_180.png 0 0 -292 89 203
1-14_270.png 0 0 -292 89 203
1-14_fl.png 0 0 -292 89 203
1-15.png 0 0 -301 89 212
1-15_90.png 0 0 -301 89 212
1-15_180.png 0 0 -301 89 212
1-15_270.png 0 0 -301 89 212
1-15_fl.png 0 0 -301 89 212
2-6.png 5 0 -215 100 115
2-6_90.png 5 0 -215 100 115
2-6_180.png 5 0 -215 100 115
2-6_270.png 5 0 -215 100 115
2-6_fl.png 5 0 -215 100 115
2-7.png 5 0 -210 101 109
2-7_90.png 5 0 -210 101 109
2-7_180.png 5 0 -210 101 109
2-7_270.png 5 0 -210 101 109
2-7_fl.png 5 0 -210 101 109
2-8.png 5 0 -211 101 110
2-8_90.png 5 0 -211 101 110
2-8_180.png 5 0 -211 101 110
2-8_270.png 5 0 -211 101 110
2-8_fl.png 5 0 -211 101 110
2-9.png 5 0 -210 100 110
2-9_90.png 5 0 -210 100 110
2-9_180.png 5 0 -210 100 110
2-9_270.png 5 0 -210 100 110
2-9_fl.png 5 0 -210 100 110
2-10.png 5 0 -216 101 115
2-10_90.png 5 0 -216 101 115
2-10_180.png 5 0 -216 101 115
2-10_270.png 5 0 -216 101 115
2-10_fl.png 5 0 -216 101 115
2-11.png 5 0 -210 102 108
2-11_90.png 5 0 -210 102 108
2-11_180.png 5 0 -210 102 108
2-11_270.png 5 0 -210 102 108
2-11_fl.png 5 0 -210 102 108
2-12.png 5 0 -211 101 110
2-12_90.png 5 0 -211 101 110
2-12_180.png 5 0 -211 101 110
2-12_270.png 5 0 -211 101 110
2-12_fl.png 5 0 -211 101 110
2-13.png 5 0 -211 103 108
2-13_90.png 5 0 -211 103 108
2-13_180.png 5 0 -211 103 108
2-13_270.png 5 0 -211 103 108
2-13_fl.png 5 0 -211 103 108
2-14.png 5 0 -211 101 110
2-14_90.png 5 0 -211 101 110
2-14_180.png 5 0 -211 101 110
2-14_270.png 5 0 -211 101 110
2-14_fl.png 5 0 -211 101 110
2-15.png 5 0 -210 101 109
2-15_90.png 5 0 -210 101 109
2-15_180.png 5 0 -210 101 109
2-15_270.png 5 0 -210 101 109
2-15_fl.png 5 0 -210 101 109
3-6.png 10 0 -127 127 0
3-6_90.png 10 0 -127 127 0
3-6_180.png 10 0 -127 127 0
3-6_270.png 10 0 -127 127 0
3-6_fl.png 10 0 -127 127 0
3-7.png 10 0 -133 126 7
3-7_90.png 10 0 -133 126 7
3-7_180.png 10 0 -133 126 7
3-7_270.png 10 0 -133 126 7
3-7_fl.png 10 0 -133 126 7
3-8.png 10 0 -131 126 5
3-8_90.png 10 0 -131 126 5
3-8_180.png 10 0 -131 126 5
3-8_270.png 10 0 -131 126 5
3-8_fl.png 10 0 -131 126 5
3-9.png 10 0 -127 127 0
3-9_90.png 10 0 -127 127 0
3-9_180.png 10 0 -127 127 0
3-9_270.png 10 0 -127 127 0
3-9_fl.png 10 0 -127 127 0
3-10.png 10 0 -129 132 -3
3-10_90.png 10 0 -129 132 -3
3-10_180.png 10 0 -129 132 -3
3-10_270.png 10 0 -129 132 -3
3-10_fl.png 10 0 -129 132 -3
3-11.png 10 0 -130 126 4
3-11_90.png 10 0 -130 126 4
3-11_180.png 10 0 -130 126 4
3-11_270.png 10 0 -130 126 4
3-11_fl.png 10 0 -130 126 4
3-12.png 10 0 -130 127 3
3-12_90.png 10 0 -130 127 3
3-12_180.png 10 0 -130 127 3
3-12_270.png 10 0 -130 127 3
3-12_fl.png 10 0 -130 127 3
3-13.png 10 0 -133 126 7
3-13_90.png 10 0 -133 126 7
3-13_180.png 10 0 -133 126 7
3-13_270.png 10 0 -133 126 7
3-13_fl.png 10 0 -133 126 7
3-14.png 10 0 -132 124 8
3-14_90.png 10 0 -132 124 8
3-14_180.png 10 0 -132 124 8
3-14_270.png 10 0 -132 124 8
3-14_fl.png 10 0 -132 124 8
3-15.png 10 0 -132 125 7
3-15_90.png 10 0 -132 125 7
3-15_180.png 10 0 -132 125 7
3-15_270.png 10 0 -132 125 7
3-15_fl.png 10 0 -132 125 7
4-6.png 15 0 -65 157 -92
4-6_90.png 15 0 -65 157 -92
4-6_180.png 15 0 -65 157 -92
4-6_270.png 15 0 -65 157 -92
4-6_fl.png 15 0 -65 157 -92
4-7.png 15 0 -64 157 -93
4-7_90.png 15 0 -64 157 -93
4-7_180.png 15 0 -64 157 -93
4-7_270.png 15 0 -64 157 -93
4-7_fl.png 15 0 -64 157 -93
4-8.png 15 0 -61 154 -93
4-8_90.png 15 0 -61 154 -93
4-8_180.png 15 0 -61 154 -93
4-8_270.png 15 0 -61 154 -93
4-8_fl.png 15 0 -61 154 -93
4-9.png 15 0 -60 157 -97
4-9_90.png 15 0 -60 157 -97
4-9_180.png 15 0 -60 157 -97
4-9_270.png 15 0 -60 157 -97
4-9_fl.png 15 0 -60 157 -97
4-10.png 15 0 -58 153 -95
4-10_90.png 15 0 -58 153 -95
4-10_180.png 15 0 -58 153 -95
4-10_270.png 15 0 -58 153 -95
4-10_fl.png 15 0 -58 153 -95
4-11.png 15 0 -64 157 -93
4-11_90.png 15 0 -64 157 -93
4-11_180.png 15 0 -64 157 -93
4-11_270.png 15 0 -64 157 -93
4-11_fl.png 15 0 -64 157 -93
4-12.png 15 0 -62 155 -93
4-12_90.png 15 0 -62 155 -93
4-12_180.png 15 0 -62 155 -93
4-12_270.png 15 0 -62 155 -93
4-12_fl.png 15 0 -62 155 -93
4-13.png 15 0 -61 154 -93
4-13_90.png 15 0 -61 154 -93
4-13_180.png 15 0 -61 154 -93
4-13_270.png 15 0 -61 154 -93
4-13_fl.png 15 0 -61 154 -93
4-14.png 15 0 -63 157 -94
4-14_90.png 15 0 -63 157 -94
4-14_180.png 15 0 -63 157 -94
4-14_270.png 15 0 -63 157 -94
4-14_fl.png 15 0 -63 157 -94
4-15.png 15 0 -64 157 -93
4-15_90.png 15 0 -64 157 -93
4-15_180.png 15 0 -64 157 -93
4-15_270.png 15 0 -64 157 -93
4-15_fl.png 15 0 -64 157 -93
5-6.png 20 0 4 192 -196
5-6_90.png 20 0 4 192 -196
5-6_180.png 20 0 4 192 -196
5-6_270.png 20 0 4 192 -196
5-6_fl.png 20 0 4 192 -196
5-7.png 20 0 1 186 -187
5-7_90.png 20 0 1 186 -187
5-7_180.png 20 0 1 186 -187
5-7_270.png 20 0 1 186 -187
5-7_fl.png 20 0 1 186 -187
5-8.png 20 0 1 187 -188
5-8_90.png 20 0 1 187 -188
5-8_180.png 20 0 1 187 -188
5-8_270.png 20 0 1 187 -188
5-8_fl.png 20 0 1 187 -188
5-9.png 20 0 1 186 -187
5-9_90.png 20 0 1 186 -187
5-9_180.png 20 0 1 186 -187
5-9_270.png 20 0 1 186 -187
5-9_fl.png 20 0 1 186 -187
5-10.png 20 0 1 185 -186
5-10_90.png 20 0 1 185 -186
5-10_180.png 20 0 1 185 -186
5-10_270.png 20 0 1 185 -186
5-10_fl.png 20 0 1 185 -186
5-11.png 20 0 -1 192 -191
5-11_90.png 20 0 -1 192 -191
5-11_180.png 20 0 -1 192 -191
5-11_270.png 20 0 -1 192 -191
5-11_fl.png 20 0 -1 192 -191
5-12.png 20 0 1 189 -190
5-12_90.png 20 0 1 189 -190
5-12_180.png 20 0 1 189 -190
5-12_270.png 20 0 1 189 -190
5-12_fl.png 20 0 1 189 -190
5-13.png 20 0 1 192 -193
5-13_90.png 20 0 1 192 -193
5-13_180.png 20 0 1 192 -193
5-13_270.png 20 0 1 192 -193
5-13_fl.png 20 0 1 192 -193
5-14.png 20 0 1 194 -195
5-14_90.png 20 0 1 194 -195
5-14_180.png 20 0 1 194 -195
5-14_270.png 20 0 1 194 -195
5-14_fl.png 20 0 1 194 -195
5-15.png 20 0 1 187 -188
5-15_90.png 20 0 1 187 -188
5-15_180.png 20 0 1 187 -188
5-15_270.png 20 0 1 187 -188
5-15_fl.png 20 0 1 187 -188
6-6.png 0 5 -209 51 158
6-6_90.png 0 5 -209 51 158
6-6_180.png 0 5 -209 51 158
6-6_270.png 0 5 -209 51 158
6-6_fl.png 0 5 -209 51 158
6-7.png 0 5 -208 49 159
6-7_90.png 0 5 -208 49 159
6-7_180.png 0 5 -208 49 159
6-7_270.png 0 5 -208 49 159
6-7_fl.png 0 5 -208 49 159
6-8.png 0 5 -208 50 158
6-8_90.png 0 5 -208 50 158
6-8_180.png 0 5 -208 50 158
6-8_270.png 0 5 -208 50 158
6-8_fl.png 0 5 -208 50 158
6-9.png 0 5 -209 50 159
6-9_90.png 0 5 -209 50 159
6-9_180.png 0 5 -209 50 159
6-9_270.png 0 5 -209 50 159
6-9_fl.png 0 5 -209 50 159
6-10.png 0 5 -210 51 159
6-10_90.png 0 5 -210 51 159
6-10_180.png 0 5 -210 51 159
6-10_270.png 0 5 -210 51 159
6-10_fl.png 0 5 -210 51 159
6-11.png 0 5 -209 50 159
6-11_90.png 0 5 -209 50 159
6-11_180.png 0 5 -209 50 159
6-11_270.png 0 5 -209 50 159
6-11_fl.png 0 5 -209 50 159
6-12.png 0 5 -209 51 158
6-12_90.png 0 5 -209 51 158
6-12_180.png 0 5 -209 51 158
6-12_270.png 0 5 -209 51 158
6-12_fl.png 0 5 -209 51 158
6-13.png 0 5 -205 51 154
6-13_90.png 0 5 -205 51 154
6-13_180.png 0 5 -205 51 154
6-13_270.png 0 5 -205 51 154
6-13_fl.png 0 5 -205 51 154
6-14.png 0 5 -207 50 157
6-14_90.png 0 5 -207 50 157
6-14_180.png 0 5 -207 50 157
6-14_270.png 0 5 -207 50 157
6-14_fl.png 0 5 -207 50 157
6-15.png 0 5 -207 51 156
6-15_90.png 0 5 -207 51 156
6-15_180.png 0 5 -207 51 156
6-15_270.png 0 5 -207 51 156
6-15_fl.png 0 5 -207 51 156
7-6.png 5 5 -144 55 89
7-6_90.png 5 5 -144 55 89
7-6_180.png 5 5 -144 55 89
7-6_270.png 5 5 -144 55 89
7-6_fl.png 5 5 -144 55 89
7-7.png 5 5 -149 60 89
7-7_90.png 5 5 -149 60 89
7-7_180.png 5 5 -149 60 89
7-7_270.png 5 5 -149 60 89
7-7_fl.png 5 5 -149 60 89
7-8.png 5 5 -148 56 92
7-8_90.png 5 5 -148 56 92
7-8_180.png 5 5 -148 56 92
7-8_270.png 5 5 -148 56 92
7-8_fl.png 5 5 -148 56 92
7-9.png 5 5 -148 59 89
7-9_90.png 5 5 -148 59 89
7-9_180.png 5 5 -148 59 89
7-9_270.png 5 5 -148 59 89
7-9_fl.png 5 5 -148 59 89
7-10.png 5 5 -145 58 87
7-10_90.png 5 5 -145 58 87
7-10_180.png 5 5 -145 58 87
7-10_270.png 5 5 -145 58 87
7-10_fl.png 5 5 -145 58 87
7-11.png 5 5 -145 57 88
7-11_90.png 5 5 -145 57 88
7-11_180.png 5 5 -145 57 88
7-11_270.png 5 5 -145 57 88
7-11_fl.png 5 5 -145 57 88
7-12.png 5 5 -145 59 86
7-12_90.png 5 5 -145 59 86
7-12_180.png 5 5 -145 59 86
7-12_270.png 5 5 -145 59 86
7-12_fl.png 5 5 -145 59 86
7-13.png 5 5 -145 59 86
7-13_90.png 5 5 -145 59 86
7-13_180.png 5 5 -145 59 86
7-13_270.png 5 5 -145 59 86
7-13_fl.png 5 5 -145 59 86
7-14.png 5 5 -147 60 87
7-14_90.png 5 5 -147 60 87
7-14_180.png 5 5 -147 60 87
7-14_270.png 5 5 -147 60 87
7-14_fl.png 5 5 -147 60 87
7-15.png 5 5 -144 58 86
7-15_90.png 5 5 -144 58 86
7-15_180.png 5 5 -144 58 86
7-15_270.png 5 5 -144 58 86
7-15_fl.png 5 5 -144 58 86
8-6.png 10 5 -69 65 4
8-6_90.png 10 5 -69 65 4
8-6_180.png 10 5 -69 65 4
8-6_270.png 10 5 -69 65 4
8-6_fl.png 10 5 -69 65 4
8-7.png 10 5 -71 67 4
8-7_90.png 10 5 -71 67 4
8-7_180.png 10 5 -71 67 4
8-7_270.png 10 5 -71 67 4
8-7_fl.png 10 5 -71 67 4
8-8.png 10 5 -76 69 7
8-8_90.png 10 5 -76 69 7
8-8_180.png 10 5 -76 69 7
8-8_270.png 10 5 -76 69 7
8-8_fl.png 10 5 -76 69 7
8-9.png 10 5 -74 68 6
8-9_90.png 10 5 -74 68 6
8-9_180.png 10 5 -74 68 6
8-9_270.png 10 5 -74 68 6
8-9_fl.png 10 5 -74 68 6
8-10.png 10 5 -77 70 7
8-10_90.png 10 5 -77 70 7
8-10_180.png 10 5 -77 70 7
8-10_270.png 10 5 -77 70 7
8-10_fl.png 10 5 -77 70 7
8-11.png 10 5 -71 68 3
8-11_90.png 10 5 -71 68 3
8-11_180.png 10 5 -71 68 3
8-11_270.png 10 5 -71 68 3
8-11_fl.png 10 5 -71 68 3
8-12.png 10 5 -74 69 5
8-12_90.png 10 5 -74 69 5
8-12_180.png 10 5 -74 69 5
8-12_270.png 10 5 -74 69 5
8-12_fl.png 10 5 -74 69 5
8-13.png 10 5 -76 71 5
8-13_90.png 10 5 -76 71 5
8-13_180.png 10 5 -76 71 5
8-13_270.png 10 5 -76 71 5
8-13_fl.png 10 5 -76 71 5
8-14.png 10 5 -75 69 6
8-14_90.png 10 5 -75 69 6
8-14_180.png 10 5 -75 69 6
8-14_270.png 10 5 -75 69 6
8-14_fl.png 10 5 -75 69 6
8-15.png 10 5 -75 69 6
8-15_90.png 10 5 -75 69 6
8-15_180.png 10 5 -75 69 6
8-15_270.png 10 5 -75 69 6
8-15_fl.png 10 5 -75 69 6
9-6.png 15 5 -6 84 -78
9-6_90.png 15 5 -6 84 -78
9-6_180.png 15 5 -6 84 -78
9-6_270.png 15 5 -6 84 -78
9-6_fl.png 15 5 -6 84 -78
9-7.png 15 5 4 80 -84
9-7_90.png 15 5 4 80 -84
9-7_180.png 15 5 4 80 -84
9-7_270.png 15 5 4 80 -84
9-7_fl.png 15 5 4 80 -84
9-8.png 15 5 -3 84 -81
9-8_90.png 15 5 -3 84 -81
9-8_180.png 15 5 -3 84 -81
9-8_270.png 15 5 -3 84 -81
9-8_fl.png 15 5 -3 84 -81
9-9.png 15 5 -1 81 -80
9-9_90.png 15 5 -1 81 -80
9-9_180.png 15 5 -1 81 -80
9-9_270.png 15 5 -1 81 -80
9-9_fl.png 15 5 -1 81 -80
9-10.png 15 5 -2 82 -80
9-10_90.png 15 5 -2 82 -80
9-10_180.png 15 5 -2 82 -80
9-10_270.png 15 5 -2 82 -80
9-10_fl.png 15 5 -2 82 -80
9-11.png 15 5 -2 83 -81
9-11_90.png 15 5 -2 83 -81
9-11_180.png 15 5 -2 83 -81
9-11_270.png 15 5 -2 83 -81
9-11_fl.png 15 5 -2 83 -81
9-12.png 15 5 -1 83 -82
9-12_90.png 15 5 -1 83 -82
9-12_180.png 15 5 -1 83 -82
9-12_270.png 15 5 -1 83 -82
9-12_fl.png 15 5 -1 83 -82
9-13.png 15 5 -2 85 -83
9-13_90.png 15 5 -2 85 -83
9-13_180.png 15 5 -2 85 -83
9-13_270.png 15 5 -2 85 -83
9-13_fl.png 15 5 -2 85 -83
9-14.png 15 5 1 83 -84
9-14_90.png 15 5 1 83 -84
9-14_180.png 15 5 1 83 -84
9-14_270.png 15 5 1 83 -84
9-14_fl.png 15 5 1 83 -84
9-15.png 15 5 -2 86 -84
9-15_90.png 15 5 -2 86 -84
9-15_180.png 15 5 -2 86 -84
9-15_270.png 15 5 -2 86 -84
9-15_fl.png 15 5 -2 86 -84
10-6.png 20 5 59 87 -146
10-6_90.png 20 5 59 87 -146
10-6_180.png 20 5 59 87 -146
10-6_270.png 20 5 59 87 -146
10-6_fl.png 20 5 59 87 -146
10-7.png 20 5 59 88 -147
10-7_90.png 20 5 59 88 -147
10-7_180.png 20 5 59 88 -147
10-7_270.png 20 5 59 88 -147
10-7_fl.png 20 5 59 88 -147
10-8.png 20 5 65 89 -154
10-8_90.png 20 5 65 89 -154
10-8_180.png 20 5 65 89 -154
10-8_270.png 20 5 65 89 -154
10-8_fl.png 20 5 65 89 -154
10-9.png 20 5 59 87 -146
10-9_90.png 20 5 59 87 -146
10-9_180.png 20 5 59 87 -146
10-9_270.png 20 5 59 87 -146
10-9_fl.png 20 5 59 87 -146
10-10.png 20 5 58 92 -150
10-10_90.png 20 5 58 92 -150
10-10_180.png 20 5 58 92 -150
10-10_270.png 20 5 58 92 -150
10-10_fl.png 20 5 58 92 -150
10-11.png 20 5 61 87 -148
10-11_90.png 20 5 61 87 -148
10-11_180.png 20 5 61 87 -148
10-11_270.png 20 5 61 87 -148
10-11_fl.png 20 5 61 87 -148
10-12.png 20 5 59 89 -148
10-12_90.png 20 5 59 89 -148
10-12_180.png 20 5 59 89 -148
10-12_270.png 20 5 59 89 -148
10-12_fl.png 20 5 59 89 -148
10-13.png 20 5 58 90 -148
10-13_90.png 20 5 58 90 -148
10-13_180.png 20 5 58 90 -148
10-13_270.png 20 5 58 90 -148
10-13_fl.png 20 5 58 90 -148
10-14.png 20 5 57 90 -147
10-14_90.png 20 5 57 90 -147
10-14_180.png 20 5 57 90 -147
10-14_270.png 20 5 57 90 -147
10-14_fl.png 20 5 57 90 -147
10-15.png 20 5 65 91 -156
10-15_90.png 20 5 65 91 -156
10-15_180.png 20 5 65 91 -156
10-15_270.png 20 5 65 91 -156
10-15_fl.png 20 5 65 91 -156
11-6.png 0 10 -127 3 124
11-6_90.png 0 10 -127 3 124
11-6_180.png 0 10 -127 3 124
11-6_270.png 0 10 -127 3 124
11-6_fl.png 0 10 -127 3 124
11-7.png 0 10 -132 3 129
11-7_90.png 0 10 -132 3 129
11-7_180.png 0 10 -132 3 129
11-7_270.png 0 10 -132 3 129
11-7_fl.png 0 10 -132 3 129
11-8.png 0 10 -129 0 129
11-8_90.png 0 10 -129 0 129
11-8_180.png 0 10 -129 0 129
11-8_270.png 0 10 -129 0 129
11-8_fl.png 0 10 -129 0 129
11-9.png 0 10 -125 -2 127
11-9_90.png 0 10 -125 -2 127
11-9_180.png 0 10 -125 -2 127
11-9_270.png 0 10 -125 -2 127
11-9_fl.png 0 10 -125 -2 127
11-10.png 0 10 -127 3 124
11-10_90.png 0 10 -127 3 124
11-10_180.png 0 10 -127 3 124
11-10_270.png 0 10 -127 3 124
11-10_fl.png 0 10 -127 3 124
11-11.png 0 10 -129 3 126
11-11_90.png 0 10 -129 3 126
11-11_180.png 0 10 -129 3 126
11-11_270.png 0 10 -129 3 126
11-11_fl.png 0 10 -129 3 126
11-12.png 0 10 -131 3 128
11-12_90.png 0 10 -131 3 128
11-12_180.png 0 10 -131 3 128
11-12_270.png 0 10 -131 3 128
11-12_fl.png 0 10 -131 3 128
11-13.png 0 10 -126 3 123
11-13_90.png 0 10 -126 3 123
11-13_180.png 0 10 -126 3 123
11-13_270.png 0 10 -126 3 123
11-13_fl.png 0 10 -126 3 123
11-14.png 0 10 -127 -2 129
11-14_90.png 0 10 -127 -2 129
11-14_180.png 0 10 -127 -2 129
11-14_270.png 0 10 -127 -2 129
11-14_fl.png 0 10 -127 -2 129
11-15.png 0 10 -126 3 123
11-15_90.png 0 10 -126 3 123
11-15_180.png 0 10 -126 3 123
11-15_270.png 0 10 -126 3 123
11-15_fl.png 0 10 -126 3 123
12-6.png 5 10 -67 2 65
12-6_90.png 5 10 -67 2 65
12-6_180.png 5 10 -67 2 65
12-6_270.png 5 10 -67 2 65
12-6_fl.png 5 10 -67 2 65
12-7.png 5 10 -64 -3 67
12-7_90.png 5 10 -64 -3 67
12-7_180.png 5 10 -64 -3 67
12-7_270.png 5 10 -64 -3 67
12-7_fl.png 5 10 -64 -3 67
12-8.png 5 10 -68 0 68
12-8_90.png 5 10 -68 0 68
12-8_180.png 5 10 -68 0 68
12-8_270.png 5 10 -68 0 68
12-8_fl.png 5 10 -68 0 68
12-9.png 5 10 -65 -3 68
12-9_90.png 5 10 -65 -3 68
12-9_180.png 5 10 -65 -3 68
12-9_270.png 5 10 -65 -3 68
12-9_fl.png 5 10 -65 -3 68
12-10.png 5 10 -64 0 64
12-10_90.png 5 10 -64 0 64
12-10_180.png 5 10 -64 0 64
12-10_270.png 5 10 -64 0 64
12-10_fl.png 5 10 -64 0 64
12-11.png 5 10 -71 4 67
12-11_90.png 5 10 -71 4 67
12-11_180.png 5 10 -71 4 67
12-11_270.png 5 10 -71 4 67
12-11_fl.png 5 10 -71 4 67
12-12.png 5 10 -71 0 71
12-12_90.png 5 10 -71 0 71
12-12_180.png 5 10 -71 0 71
12-12_270.png 5 10 -71 0 71
12-12_fl.png 5 10 -71 0 71
12-13.png 5 10 -71 5 66
12-13_90.png 5 10 -71 5 66
12-13_180.png 5 10 -71 5 66
12-13_270.png 5 10 -71 5 66
12-13_fl.png 5 10 -71 5 66
12-14.png 5 10 -65 2 63
12-14_90.png 5 10 -65 2 63
12-14_180.png 5 10 -65 2 63
12-14_270.png 5 10 -65 2 63
12-14_fl.png 5 10 -65 2 63
12-15.png 5 10 -67 3 64
12-15_90.png 5 10 -67 3 64
12-15_180.png 5 10 -67 3 64
12-15_270.png 5 10 -67 3 64
12-15_fl.png 5 10 -67 3 64
13-6.png 10 10 4 -7 3
13-6_90.png 10 10 4 -7 3
13-6_180.png 10 10 4 -7 3
13-6_270.png 10 10 4 -7 3
13-6_fl.png 10 10 4 -7 3
13-7.png 10 10 1 -1 0
13-7_90.png 10 10 1 -1 0
13-7_180.png 10 10 1 -1 0
13-7_270.png 10 10 1 -1 0
13-7_fl.png 10 10 1 -1 0
13-8.png 10 10 -2 0 2
13-8_90.png 10 10 -2 0 2
13-8_180.png 10 10 -2 0 2
13-8_270.png 10 10 -2 0 2
13-8_fl.png 10 10 -2 0 2
13-9.png 10 10 -1 1 0
13-9_90.png 10 10 -1 1 0
13-9_180.png 10 10 -1 1 0
13-9_270.png 10 10 -1 1 0
13-9_fl.png 10 10 -1 1 0
13-10.png 10 10 -2 1 1
13-10_90.png 10 10 -2 1 1
13-10_180.png 10 10 -2 1 1
13-10_270.png 10 10 -2 1 1
13-10_fl.png 10 10 -2 1 1
13-11.png 10 10 -5 3 2
13-11_90.png 10 10 -5 3 2
13-11_180.png 10 10 -5 3 2
13-11_270.png 10 10 -5 3 2
13-11_fl.png 10 10 -5 3 2
13-12.png 10 10 1 -1 0
13-12_90.png 10 10 1 -1 0
13-12_180.png 10 10 1 -1 0
13-12_270.png 10 10 1 -1 0
13-12_fl.png 10 10 1 -1 0
13-13.png 10 10 -2 -1 3
13-13_90.png 10 10 -2 -1 3
13-13_180.png 10 10 -2 -1 3
13-13_270.png 10 10 -2 -1 3
13-13_fl.png 10 10 -2 -1 3
13-14.png 10 10 0 1 -1
13-14_90.png 10 10 0 1 -1
13-14_180.png 10 10 0 1 -1
13-14_270.png 10 10 0 1 -1
13-14_fl.png 10 10 0 1 -1
13-15.png 10 10 0 1 -1
13-15_90.png 10 10 0 1 -1
13-15_180.png 10 10 0 1 -1
13-15_270.png 10 10 0 1 -1
13-15_fl.png 10 10 0 1 -1
14-6.png 15 10 66 -2 -64
14-6_90.png 15 10 66 -2 -64
14-6_180.png 15 10 66 -2 -64
14-6_270.png 15 10 66 -2 -64
14-6_fl.png 15 10 66 -2 -64
14-7.png 15 10 68 -2 -66
14-7_90.png 15 10 68 -2 -66
14-7_180.png 15 10 68 -2 -66
14-7_270.png 15 10 68 -2 -66
14-7_fl.png 15 10 68 -2 -66
14-8.png 15 10 67 -4 -63
14-8_90.png 15 10 67 -4 -63
14-8_180.png 15 10 67 -4 -63
14-8_270.png 15 10 67 -4 -63
14-8_fl.png 15 10 67 -4 -63
14-9.png 15 10 69 -4 -65
14-9_90.png 15 10 69 -4 -65
14-9_180.png 15 10 69 -4 -65
14-9_270.png 15 10 69 -4 -65
14-9_fl.png 15 10 69 -4 -65
14-10.png 15 10 67 -3 -64
14-10_90.png 15 10 67 -3 -64
14-10_180.png 15 10 67 -3 -64
14-10_270.png 15 10 67 -3 -64
14-10_fl.png 15 10 67 -3 -64
14-11.png 15 10 66 -2 -64
14-11_90.png 15 10 66 -2 -64
14-11_180.png 15 10 66 -2 -64
14-11_270.png 15 10 66 -2 -64
14-11_fl.png 15 10 66 -2 -64
14-12.png 15 10 71 -4 -67
14-12_90.png 15 10 71 -4 -67
14-12_180.png 15 10 71 -4 -67
14-12_270.png 15 10 71 -4 -67
14-12_fl.png 15 10 71 -4 -67
14-13.png 15 10 69 -5 -64
14-13_90.png 15 10 69 -5 -64
14-13_180.png 15 10 69 -5 -64
14-13_270.png 15 10 69 -5 -64
14-13_fl.png 15 10 69 -5 -64
14-14.png 15 10 65 -6 -59
14-14_90.png 15 10 65 -6 -59
14-14_180.png 15 10 65 -6 -59
14-14_270.png 15 10 65 -6 -59
14-14_fl.png 15 10 65 -6 -59
14-15.png 15 10 66 -1 -65
14-15_90.png 15 10 66 -1 -65
14-15_180.png 15 10 66 -1 -65
14-15_270.png 15 10 66 -1 -65
14-15_fl.png 15 10 66 -1 -65
15-6.png 20 10 130 -13 -117
15-6_90.png 20 10 130 -13 -117
15-6_180.png 20 10 130 -13 -117
15-6_270.png 20 10 130 -13 -117
15-6_fl.png 20 10 130 -13 -117
15-7.png 20 10 126 -9 -117
15-7_90.png 20 10 126 -9 -117
15-7_180.png 20 10 126 -9 -117
15-7_270.png 20 10 126 -9 -117
15-7_fl.png 20 10 126 -9 -117
15-8.png 20 10 127 -10 -117
15-8_90.png 20 10 127 -10 -117
15-8_180.png 20 10 127 -10 -117
15-8_270.png 20 10 127 -10 -117
15-8_fl.png 20 10 127 -10 -117
15-9.png 20 10 126 -11 -115
15-9_90.png 20 10 126 -11 -115
15-9_180.png 20 10 126 -11 -115
15-9_270.png 20 10 126 -11 -115
15-9_fl.png 20 10 126 -11 -115
15-10.png 20 10 127 -9 -118
15-10_90.png 20 10 127 -9 -118
15-10_180.png 20 10 127 -9 -118
15-10_270.png 20 10 127 -9 -118
15-10_fl.png 20 10 127 -9 -118
15-11.png 20 10 124 -6 -118
15-11_90.png 20 10 124 -6 -118
15-11_180.png 20 10 124 -6 -118
15-11_270.png 20 10 124 -6 -118
15-11_fl.png 20 10 124 -6 -118
15-12.png 20 10 128 -11 -117
15-12_90.png 20 10 128 -11 -117
15-12_180.png 20 10 128 -11 -117
15-12_270.png 20 10 128 -11 -117
15-12_fl.png 20 10 128 -11 -117
15-13.png 20 10 127 -11 -116
15-13_90.png 20 10 127 -11 -116
15-13_180.png 20 10 127 -11 -116
15-13_270.png 20 10 127 -11 -116
15-13_fl.png 20 10 127 -11 -116
15-14.png 20 10 130 -9 -121
15-14_90.png 20 10 130 -9 -121
15-14_180.png 20 10 130 -9 -121
15-14_270.png 20 10 130 -9 -121
15-14_fl.png 20 10 130 -9 -121
15-15.png 20 10 128 -12 -116
15-15_90.png 20 10 128 -12 -116
15-15_180.png 20 10 128 -12 -116
15-15_270.png 20 10 128 -12 -116
15-15_fl.png 20 10 128 -12 -116
16-6.png 0 15 -61 -45 106
16-6_90.png 0 15 -61 -45 106
16-6_180.png 0 15 -61 -45 106
16-6_270.png 0 15 -61 -45 106
16-6_fl.png 0 15 -61 -45 106
16-7.png 0 15 -60 -44 104
16-7_90.png 0 15 -60 -44 104
16-7_180.png 0 15 -60 -44 104
16-7_270.png 0 15 -60 -44 104
16-7_fl.png 0 15 -60 -44 104
16-8.png 0 15 -59 -41 100
16-8_90.png 0 15 -59 -41 100
16-8_180.png 0 15 -59 -41 100
16-8_270.png 0 15 -59 -41 100
16-8_fl.png 0 15 -59 -41 100
16-9.png 0 15 -60 -39 99
16-9_90.png 0 15 -60 -39 99
16-9_180.png 0 15 -60 -39 99
16-9_270.png 0 15 -60 -39 99
16-9_fl.png 0 15 -60 -39 99
16-10.png 0 15 -57 -41 98
16-10_90.png 0 15 -57 -41 98
16-10_180.png 0 15 -57 -41 98
16-10_270.png 0 15 -57 -41 98
16-10_fl.png 0 15 -57 -41 98
16-11.png 0 15 -63 -43 106
16-11_90.png 0 15 -63 -43 106
16-11_180.png 0 15 -63 -43 106
16-11_270.png 0 15 -63 -43 106
16-11_fl.png 0 15 -63 -43 106
16-12.png 0 15 -57 -42 99
16-12_90.png 0 15 -57 -42 99
16-12_180.png 0 15 -57 -42 99
16-12_270.png 0 15 -57 -42 99
16-12_fl.png 0 15 -57 -42 99
16-13.png 0 15 -56 -51 107
16-13_90.png 0 15 -56 -51 107
16-13_180.png 0 15 -56 -51 107
16-13_270.png 0 15 -56 -51 107
16-13_fl.png 0 15 -56 -51 107
16-14.png 0 15 -41 -50 91
16-14_90.png 0 15 -41 -50 91
16-14_180.png 0 15 -41 -50 91
16-14_270.png 0 15 -41 -50 91
16-14_fl.png 0 15 -41 -50 91
16-15.png 0 15 -63 -38 101
16-15_90.png 0 15 -63 -38 101
16-15_180.png 0 15 -63 -38 101
16-15_270.png 0 15 -63 -38 101
16-15_fl.png 0 15 -63 -38 101
17-6.png 5 15 -1 -49 50
17-6_90.png 5 15 -1 -49 50
17-6_180.png 5 15 -1 -49 50
17-6_270.png 5 15 -1 -49 50
17-6_fl.png 5 15 -1 -49 50
17-7.png 5 15 3 -50 47
17-7_90.png 5 15 3 -50 47
17-7_180.png 5 15 3 -50 47
17-7_270.png 5 15 3 -50 47
17-7_fl.png 5 15 3 -50 47
17-8.png 5 15 3 -51 48
17-8_90.png 5 15 3 -51 48
17-8_180.png 5 15 3 -51 48
17-8_270.png 5 15 3 -51 48
17-8_fl.png 5 15 3 -51 48
17-9.png 5 15 17 -59 42
17-9_90.png 5 15 17 -59 42
17-9_180.png 5 15 17 -59 42
17-9_270.png 5 15 17 -59 42
17-9_fl.png 5 15 17 -59 42
17-10.png 5 15 0 -50 50
17-10_90.png 5 15 0 -50 50
17-10_180.png 5 15 0 -50 50
17-10_270.png 5 15 0 -50 50
17-10_fl.png 5 15 0 -50 50
17-11.png 5 15 -2 -48 50
17-11_90.png 5 15 -2 -48 50
17-11_180.png 5 15 -2 -48 50
17-11_270.png 5 15 -2 -48 50
17-11_fl.png 5 15 -2 -48 50
17-12.png 5 15 -2 -52 54
17-12_90.png 5 15 -2 -52 54
17-12_180.png 5 15 -2 -52 54
17-12_270.png 5 15 -2 -52 54
17-12_fl.png 5 15 -2 -52 54
17-13.png 5 15 0 -54 54
17-13_90.png 5 15 0 -54 54
17-13_180.png 5 15 0 -54 54
17-13_270.png 5 15 0 -54 54
17-13_fl.png 5 15 0 -54 54
17-14.png 5 15 1 -54 53
17-14_90.png 5 15 1 -54 53
17-14_180.png 5 15 1 -54 53
17-14_270.png 5 15 1 -54 53
17-14_fl.png 5 15 1 -54 53
17-15.png 5 15 1 -54 53
17-15_90.png 5 15 1 -54 53
17-15_180.png 5 15 1 -54 53
17-15_270.png 5 15 1 -54 53
17-15_fl.png 5 15 1 -54 53
18-6.png 10 15 69 -69 0
18-6_90.png 10 15 69 -69 0
18-6_180.png 10 15 69 -69 0
18-6_270.png 10 15 69 -69 0
18-6_fl.png 10 15 69 -69 0
18-7.png 10 15 71 -70 -1
18-7_90.png 10 15 71 -70 -1
18-7_180.png 10 15 71 -70 -1
18-7_270.png 10 15 71 -70 -1
18-7_fl.png 10 15 71 -70 -1
18-8.png 10 15 70 -71 1
18-8_90.png 10 15 70 -71 1
18-8_180.png 10 15 70 -71 1
18-8_270.png 10 15 70 -71 1
18-8_fl.png 10 15 70 -71 1
18-9.png 10 15 67 -69 2
18-9_90.png 10 15 67 -69 2
18-9_180.png 10 15 67 -69 2
18-9_270.png 10 15 67 -69 2
18-9_fl.png 10 15 67 -69 2
18-10.png 10 15 72 -72 0
18-10_90.png 10 15 72 -72 0
18-10_180.png 10 15 72 -72 0
18-10_270.png 10 15 72 -72 0
18-10_fl.png 10 15 72 -72 0
18-11.png 10 15 68 -68 0
18-11_90.png 10 15 68 -68 0
18-11_180.png 10 15 68 -68 0
18-11_270.png 10 15 68 -68 0
18-11_fl.png 10 15 68 -68 0
18-12.png 10 15 71 -71 0
18-12_90.png 10 15 71 -71 0
18-12_180.png 10 15 71 -71 0
18-12_270.png 10 15 71 -71 0
18-12_fl.png 10 15 71 -71 0
18-13.png 10 15 73 -71 -2
18-13_90.png 10 15 73 -71 -2
18-13_180.png 10 15 73 -71 -2
18-13_270.png 10 15 73 -71 -2
18-13_fl.png 10 15 73 -71 -2
18-14.png 10 15 73 -71 -2
18-14_90.png 10 15 73 -71 -2
18-14_180.png 10 15 73 -71 -2
18-14_270.png 10 15 73 -71 -2
18-14_fl.png 10 15 73 -71 -2
18-15.png 10 15 68 -67 -1
18-15_90.png 10 15 68 -67 -1
18-15_180.png 10 15 68 -67 -1
18-15_270.png 10 15 68 -67 -1
18-15_fl.png 10 15 68 -67 -1
19-6.png 15 15 141 -88 -53
19-6_90.png 15 15 141 -88 -53
19-6_180.png 15 15 141 -88 -53
19-6_270.png 15 15 141 -88 -53
19-6_fl.png 15 15 141 -88 -53
19-7.png 15 15 142 -90 -52
19-7_90.png 15 15 142 -90 -52
19-7_180.png 15 15 142 -90 -52
19-7_270.png 15 15 142 -90 -52
19-7_fl.png 15 15 142 -90 -52
19-8.png 15 15 138 -91 -47
19-8_90.png 15 15 138 -91 -47
19-8_180.png 15 15 138 -91 -47
19-8_270.png 15 15 138 -91 -47
19-8_fl.png 15 15 138 -91 -47
19-9.png 15 15 145 -89 -56
19-9_90.png 15 15 145 -89 -56
19-9_180.png 15 15 145 -89 -56
19-9_270.png 15 15 145 -89 -56
19-9_fl.png 15 15 145 -89 -56
19-10.png 15 15 145 -94 -51
19-10_90.png 15 15 145 -94 -51
19-10_180.png 15 15 145 -94 -51
19-10_270.png 15 15 145 -94 -51
19-10_fl.png 15 15 145 -94 -51
19-11.png 15 15 142 -89 -53
19-11_90.png 15 15 142 -89 -53
19-11_180.png 15 15 142 -89 -53
19-11_270.png 15 15 142 -89 -53
19-11_fl.png 15 15 142 -89 -53
19-12.png 15 15 138 -86 -52
19-12_90.png 15 15 138 -86 -52
19-12_180.png 15 15 138 -86 -52
19-12_270.png 15 15 138 -86 -52
19-12_fl.png 15 15 138 -86 -52
19-13.png 15 15 141 -91 -50
19-13_90.png 15 15 141 -91 -50
19-13_180.png 15 15 141 -91 -50
19-13_270.png 15 15 141 -91 -50
19-13_fl.png 15 15 141 -91 -50
19-14.png 15 15 143 -89 -54
19-14_90.png 15 15 143 -89 -54
19-14_180.png 15 15 143 -89 -54
19-14_270.png 15 15 143 -89 -54
19-14_fl.png 15 15 143 -89 -54
19-15.png 15 15 141 -92 -49
19-15_90.png 15 15 141 -92 -49
19-15_180.png 15 15 141 -92 -49
19-15_270.png 15 15 141 -92 -49
19-15_fl.png 15 15 141 -92 -49
20-6.png 20 15 203 -110 -93
20-6_90.png 20 15 203 -110 -93
20-6_180.png 20 15 203 -110 -93
20-6_270.png 20 15 203 -110 -93
20-6_fl.png 20 15 203 -110 -93
20-7.png 20 15 201 -110 -91
20-7_90.png 20 15 201 -110 -91
20-7_180.png 20 15 201 -110 -91
20-7_270.png 20 15 201 -110 -91
20-7_fl.png 20 15 201 -110 -91
20-8.png 20 15 206 -114 -92
20-8_90.png 20 15 206 -114 -92
20-8_180.png 20 15 206 -114 -92
20-8_270.png 20 15 206 -114 -92
20-8_fl.png 20 15 206 -114 -92
20-9.png 20 15 206 -112 -94
20-9_90.png 20 15 206 -112 -94
20-9_180.png 20 15 206 -112 -94
20-9_270.png 20 15 206 -112 -94
20-9_fl.png 20 15 206 -112 -94
20-10.png 20 15 206 -114 -92
20-10_90.png 20 15 206 -114 -92
20-10_180.png 20 15 206 -114 -92
20-10_270.png 20 15 206 -114 -92
20-10_fl.png 20 15 206 -114 -92
20-11.png 20 15 204 -111 -93
20-11_90.png 20 15 204 -111 -93
20-11_180.png 20 15 204 -111 -93
20-11_270.png 20 15 204 -111 -93
20-11_fl.png 20 15 204 -111 -93
20-12.png 20 15 205 -115 -90
20-12_90.png 20 15 205 -115 -90
20-12_180.png 20 15 205 -115 -90
20-12_270.png 20 15 205 -115 -90
20-12_fl.png 20 15 205 -115 -90
20-13.png 20 15 206 -114 -92
20-13_90.png 20 15 206 -114 -92
20-13_180.png 20 15 206 -114 -92
20-13_270.png 20 15 206 -114 -92
20-13_fl.png 20 15 206 -114 -92
20-14.png 20 15 204 -112 -92
20-14_90.png 20 15 204 -112 -92
20-14_180.png 20 15 204 -112 -92
20-14_270.png 20 15 204 -112 -92
20-14_fl.png 20 15 204 -112 -92
20-15.png 20 15 208 -115 -93
20-15_90.png 20 15 208 -115 -93
20-15_180.png 20 15 208 -115 -93
20-15_270.png 20 15 208 -115 -93
20-15_fl.png 20 15 208 -115 -93
21-6.png 0 20 -4 -84 88
21-6_90.png 0 20 -4 -84 88
21-6_180.png 0 20 -4 -84 88
21-6_270.png 0 20 -4 -84 88
21-6_fl.png 0 20 -4 -84 88
21-7.png 0 20 -8 -79 87
21-7_90.png 0 20 -8 -79 87
21-7_180.png 0 20 -8 -79 87
21-7_270.png 0 20 -8 -79 87
21-7_fl.png 0 20 -8 -79 87
21-8.png 0 20 -7 -82 89
21-8_90.png 0 20 -7 -82 89
21-8_180.png 0 20 -7 -82 89
21-8_270.png 0 20 -7 -82 89
21-8_fl.png 0 20 -7 -82 89
21-9.png 0 20 -6 -83 89
21-9_90.png 0 20 -6 -83 89
21-9_180.png 0 20 -6 -83 89
21-9_270.png 0 20 -6 -83 89
21-9_fl.png 0 20 -6 -83 89
21-10.png 0 20 -8 -82 90
21-10_90.png 0 20 -8 -82 90
21-10_180.png 0 20 -8 -82 90
21-10_270.png 0 20 -8 -82 90
21-10_fl.png 0 20 -8 -82 90
21-11.png 0 20 -8 -82 90
21-11_90.png 0 20 -8 -82 90
21-11_180.png 0 20 -8 -82 90
21-11_270.png 0 20 -8 -82 90
21-11_fl.png 0 20 -8 -82 90
21-12.png 0 20 -9 -78 87
21-12_90.png 0 20 -9 -78 87
21-12_180.png 0 20 -9 -78 87
21-12_270.png 0 20 -9 -78 87
21-12_fl.png 0 20 -9 -78 87
21-13.png 0 20 -10 -77 87
21-13_90.png 0 20 -10 -77 87
21-13_180.png 0 20 -10 -77 87
21-13_270.png 0 20 -10 -77 87
21-13_fl.png 0 20 -10 -77 87
21-14.png 0 20 -2 -84 86
21-14_90.png 0 20 -2 -84 86
21-14_180.png 0 20 -2 -84 86
21-14_270.png 0 20 -2 -84 86
21-14_fl.png 0 20 -2 -84 86
21-15.png 0 20 -8 -78 86
21-15_90.png 0 20 -8 -78 86
21-15_180.png 0 20 -8 -78 86
21-15_270.png 0 20 -8 -78 86
21-15_fl.png 0 20 -8 -78 86
22-6.png 5 20 56 -103 47
22-6_90.png 5 20 56 -103 47
22-6_180.png 5 20 56 -103 47
22-6_270.png 5 20 56 -103 47
22-6_fl.png 5 20 56 -103 47
22-7.png 5 20 56 -105 49
22-7_90.png 5 20 56 -105 49
22-7_180.png 5 20 56 -105 49
22-7_270.png 5 20 56 -105 49
22-7_fl.png 5 20 56 -105 49
22-8.png 5 20 52 -99 47
22-8_90.png 5 20 52 -99 47
22-8_180.png 5 20 52 -99 47
22-8_270.png 5 20 52 -99 47
22-8_fl.png 5 20 52 -99 47
22-9.png 5 20 58 -106 48
22-9_90.png 5 20 58 -106 48
22-9_180.png 5 20 58 -106 48
22-9_270.png 5 20 58 -106 48
22-9_fl.png 5 20 58 -106 48
22-10.png 5 20 59 -102 43
22-10_90.png 5 20 59 -102 43
22-10_180.png 5 20 59 -102 43
22-10_270.png 5 20 59 -102 43
22-10_fl.png 5 20 59 -102 43
22-11.png 5 20 58 -101 43
22-11_90.png 5 20 58 -101 43
22-11_180.png 5 20 58 -101 43
22-11_270.png 5 20 58 -101 43
22-11_fl.png 5 20 58 -101 43
22-12.png 5 20 56 -99 43
22-12_90.png 5 20 56 -99 43
22-12_180.png 5 20 56 -99 43
22-12_270.png 5 20 56 -99 43
22-12_fl.png 5 20 56 -99 43
22-13.png 5 20 57 -106 49
22-13_90.png 5 20 57 -106 49
22-13_180.png 5 20 57 -106 49
22-13_270.png 5 20 57 -106 49
22-13_fl.png 5 20 57 -106 49
22-14.png 5 20 60 -107 47
22-14_90.png 5 20 60 -107 47
22-14_180.png 5 20 60 -107 47
22-14_270.png 5 20 60 -107 47
22-14_fl.png 5 20 60 -107 47
22-15.png 5 20 59 -106 47
22-15_90.png 5 20 59 -106 47
22-15_180.png 5 20 59 -106 47
22-15_270.png 5 20 59 -106 47
22-15_fl.png 5 20 59 -106 47
23-6.png 10 20 126 -131 5
23-6_90.png 10 20 126 -131 5
23-6_180.png 10 20 126 -131 5
23-6_270.png 10 20 126 -131 5
23-6_fl.png 10 20 126 -131 5
23-7.png 10 20 126 -133 7
23-7_90.png 10 20 126 -133 7
23-7_180.png 10 20 126 -133 7
23-7_270.png 10 20 126 -133 7
23-7_fl.png 10 20 126 -133 7
23-8.png 10 20 122 -121 -1
23-8_90.png 10 20 122 -121 -1
23-8_180.png 10 20 122 -121 -1
23-8_270.png 10 20 122 -121 -1
23-8_fl.png 10 20 122 -121 -1
23-9.png 10 20 127 -133 6
23-9_90.png 10 20 127 -133 6
23-9_180.png 10 20 127 -133 6
23-9_270.png 10 20 127 -133 6
23-9_fl.png 10 20 127 -133 6
23-10.png 10 20 126 -129 3
23-10_90.png 10 20 126 -129 3
23-10_180.png 10 20 126 -129 3
23-10_270.png 10 20 126 -129 3
23-10_fl.png 10 20 126 -129 3
23-11.png 10 20 126 -133 7
23-11_90.png 10 20 126 -133 7
23-11_180.png 10 20 126 -133 7
23-11_270.png 10 20 126 -133 7
23-11_fl.png 10 20 126 -133 7
23-12.png 10 20 128 -129 1
23-12_90.png 10 20 128 -129 1
23-12_180.png 10 20 128 -129 1
23-12_270.png 10 20 128 -129 1
23-12_fl.png 10 20 128 -129 1
23-13.png 10 20 126 -128 2
23-13_90.png 10 20 126 -128 2
23-13_180.png 10 20 126 -128 2
23-13_270.png 10 20 126 -128 2
23-13_fl.png 10 20 126 -128 2
23-14.png 10 20 126 -128 2
23-14_90.png 10 20 126 -128 2
23-14_180.png 10 20 126 -128 2
23-14_270.png 10 20 126 -128 2
23-14_fl.png 10 20 126 -128 2
23-15.png 10 20 125 -131 6
23-15_90.png 10 20 125 -131 6
23-15_180.png 10 20 125 -131 6
23-15_270.png 10 20 125 -131 6
23-15_fl.png 10 20 125 -131 6
24-6.png 15 20 203 -162 -41
24-6_90.png 15 20 203 -162 -41
24-6_180.png 15 20 203 -162 -41
24-6_270.png 15 20 203 -162 -41
24-6_fl.png 15 20 203 -162 -41
24-7.png 15 20 238 -168 -70
24-7_90.png 15 20 238 -168 -70
24-7_180.png 15 20 238 -168 -70
24-7_270.png 15 20 238 -168 -70
24-7_fl.png 15 20 238 -168 -70
24-8.png 15 20 200 -160 -40
24-8_90.png 15 20 200 -160 -40
24-8_180.png 15 20 200 -160 -40
24-8_270.png 15 20 200 -160 -40
24-8_fl.png 15 20 200 -160 -40
24-9.png 15 20 202 -162 -40
24-9_90.png 15 20 202 -162 -40
24-9_180.png 15 20 202 -162 -40
24-9_270.png 15 20 202 -162 -40
24-9_fl.png 15 20 202 -162 -40
24-10.png 15 20 200 -159 -41
24-10_90.png 15 20 200 -159 -41
24-10_180.png 15 20 200 -159 -41
24-10_270.png 15 20 200 -159 -41
24-10_fl.png 15 20 200 -159 -41
24-11.png 15 20 203 -162 -41
24-11_90.png 15 20 203 -162 -41
24-11_180.png 15 20 203 -162 -41
24-11_270.png 15 20 203 -162 -41
24-11_fl.png 15 20 203 -162 -41
24-12.png 15 20 202 -156 -46
24-12_90.png 15 20 202 -156 -46
24-12_180.png 15 20 202 -156 -46
24-12_270.png 15 20 202 -156 -46
24-12_fl.png 15 20 202 -156 -46
24-13.png 15 20 199 -158 -41
24-13_90.png 15 20 199 -158 -41
24-13_180.png 15 20 199 -158 -41
24-13_270.png 15 20 199 -158 -41
24-13_fl.png 15 20 199 -158 -41
24-14.png 15 20 204 -163 -41
24-14_90.png 15 20 204 -163 -41
24-14_180.png 15 20 204 -163 -41
24-14_270.png 15 20 204 -163 -41
24-14_fl.png 15 20 204 -163 -41
24-15.png 15 20 202 -161 -41
24-15_90.png 15 20 202 -161 -41
24-15_180.png 15 20 202 -161 -41
24-15_270.png 15 20 202 -161 -41
24-15_fl.png 15 20 202 -161 -41
25-6.png 20 20 281 -199 -82
25-6_90.png 20 20 281 -199 -82
25-6_180.png 20 20 281 -199 -82
25-6_270.png 20 20 281 -199 -82
25-6_fl.png 20 20 281 -199 -82
25-7.png 20 20 279 -198 -81
25-7_90.png 20 20 279 -198 -81
25-7_180.png 20 20 279 -198 -81
25-7_270.png 20 20 279 -198 -81
25-7_fl.png 20 20 279 -198 -81
25-8.png 20 20 281 -200 -81
25-8_90.png 20 20 281 -200 -81
25-8_180.png 20 20 281 -200 -81
25-8_270.png 20 20 281 -200 -81
25-8_fl.png 20 20 281 -200 -81
25-9.png 20 20 280 -199 -81
25-9_90.png 20 20 280 -199 -81
25-9_180.png 20 20 280 -199 -81
25-9_270.png 20 20 280 -199 -81
25-9_fl.png 20 20 280 -199 -81
25-10.png 20 20 276 -195 -81
25-10_90.png 20 20 276 -195 -81
25-10_180.png 20 20 276 -195 -81
25-10_270.png 20 20 276 -195 -81
25-10_fl.png 20 20 276 -195 -81
25-11.png 20 20 282 -196 -86
25-11_90.png 20 20 282 -196 -86
25-11_180.png 20 20 282 -196 -86
25-11_270.png 20 20 282 -196 -86
25-11_fl.png 20 20 282 -196 -86
25-12.png 20 20 282 -196 -86
25-12_90.png 20 20 282 -196 -86
25-12_180.png 20 20 282 -196 -86
25-12_270.png 20 20 282 -196 -86
25-12_fl.png 20 20 282 -196 -86
25-13.png 20 20 283 -200 -83
25-13_90.png 20 20 283 -200 -83
25-13_180.png 20 20 283 -200 -83
25-13_270.png 20 20 283 -200 -83
25-13_fl.png 20 20 283 -200 -83
25-14.png 20 20 281 -200 -81
25-14_90.png 20 20 281 -200 -81
25-14_180.png 20 20 281 -200 -81
25-14_270.png 20 20 281 -200 -81
25-14_fl.png 20 20 281 -200 -81
25-15.png 20 20 281 -199 -82
25-15_90.png 20 20 281 -199 -82
25-15_180.png 20 20 281 -199 -82
25-15_270.png 20 20 281 -199 -82
25-15_fl.png 20 20 281 -199 -82
