1-6.png 0 0 -289 89 200
1-6_90.png 0 0 -289 89 200
1-6_180.png 0 0 -289 89 200
1-6_270.png 0 0 -289 89 200
1-6_fl.png 0 0 -289 89 200
1-7.png 0 0 -291 86 205
1-7_90.png 0 0 -291 86 205
1-7_180.png 0 0 -291 86 205
1-7_270.png 0 0 -291 86 205
1-7_fl.png 0 0 -291 86 205
1-8.png 0 0 -296 89 207
1-8_90.png 0 0 -296 89 207
1-8_180.png 0 0 -296 89 207
1-8_270.png 0 0 -296 89 207
1-8_fl.png 0 0 -296 89 207
1-9.png 0 0 -288 87 201
1-9_90.png 0 0 -288 87 201
1-9_180.png 0 0 -288 87 201
1-9_270.png 0 0 -288 87 201
1-9_fl.png 0 0 -288 87 201
1-10.png 0 0 -288 82 206
1-10_90.png 0 0 -288 82 206
1-10_180.png 0 0 -288 82 206
1-10_270.png 0 0 -288 82 206
1-10_fl.png 0 0 -288 82 206
2-6.png 5 0 -215 100 115
2-6_90.png 5 0 -215 100 115
2-6_180.png 5 0 -215 100 115
2-6_270.png 5 0 -215 100 115
2-6_fl.png 5 0 -215 100 115
2-7.png 5 0 -210 101 109
2-7_90.png 5 0 -210 101 109
2-7_180.png 5 0 -210 101 109
2-7_270.png 5 0 -210 101 109
2-7_fl.png 5 0 -210 101 109
2-8.png 5 0 -211 101 110
2-8_90.png 5 0 -211 101 110
2-8_180.png 5 0 -211 101 110
2-8_270.png 5 0 -211 101 110
2-8_fl.png 5 0 -211 101 110
2-9.png 5 0 -210 100 110
2-9_90.png 5 0 -210 100 110
2-9_180.png 5 0 -210 100 110
2-9_270.png 5 0 -210 100 110
2-9_fl.png 5 0 -210 100 110
2-10.png 5 0 -216 101 115
2-10_90.png 5 0 -216 101 115
2-10_180.png 5 0 -216 101 115
2-10_270.png 5 0 -216 101 115
2-10_fl.png 5 0 -216 101 115
3-6.png 10 0 -127 127 0
3-6_90.png 10 0 -127 127 0
3-6_180.png 10 0 -127 127 0
3-6_270.png 10 0 -127 127 0
3-6_fl.png 10 0 -127 127 0
3-7.png 10 0 -133 126 7
3-7_90.png 10 0 -133 126 7
3-7_180.png 10 0 -133 126 7
3-7_270.png 10 0 -133 126 7
3-7_fl.png 10 0 -133 126 7
3-8.png 10 0 -131 126 5
3-8_90.png 10 0 -131 126 5
3-8_180.png 10 0 -131 126 5
3-8_270.png 10 0 -131 126 5
3-8_fl.png 10 0 -131 126 5
3-9.png 10 0 -127 127 0
3-9_90.png 10 0 -127 127 0
3-9_180.png 10 0 -127 127 0
3-9_270.png 10 0 -127 127 0
3-9_fl.png 10 0 -127 127 0
3-10.png 10 0 -129 132 -3
3-10_90.png 10 0 -129 132 -3
3-10_180.png 10 0 -129 132 -3
3-10_270.png 10 0 -129 132 -3
3-10_fl.png 10 0 -129 132 -3
4-6.png 15 0 -65 157 -92
4-6_90.png 15 0 -65 157 -92
4-6_180.png 15 0 -65 157 -92
4-6_270.png 15 0 -65 157 -92
4-6_fl.png 15 0 -65 157 -92
4-7.png 15 0 -64 157 -93
4-7_90.png 15 0 -64 157 -93
4-7_180.png 15 0 -64 157 -93
4-7_270.png 15 0 -64 157 -93
4-7_fl.png 15 0 -64 157 -93
4-8.png 15 0 -61 154 -93
4-8_90.png 15 0 -61 154 -93
4-8_180.png 15 0 -61 154 -93
4-8_270.png 15 0 -61 154 -93
4-8_fl.png 15 0 -61 154 -93
4-9.png 15 0 -60 157 -97
4-9_90.png 15 0 -60 157 -97
4-9_180.png 15 0 -60 157 -97
4-9_270.png 15 0 -60 157 -97
4-9_fl.png 15 0 -60 157 -97
4-10.png 15 0 -58 153 -95
4-10_90.png 15 0 -58 153 -95
4-10_180.png 15 0 -58 153 -95
4-10_270.png 15 0 -58 153 -95
4-10_fl.png 15 0 -58 153 -95
5-6.png 20 0 4 192 -196
5-6_90.png 20 0 4 192 -196
5-6_180.png 20 0 4 192 -196
5-6_270.png 20 0 4 192 -196
5-6_fl.png 20 0 4 192 -196
5-7.png 20 0 1 186 -187
5-7_90.png 20 0 1 186 -187
5-7_180.png 20 0 1 186 -187
5-7_270.png 20 0 1 186 -187
5-7_fl.png 20 0 1 186 -187
5-8.png 20 0 1 187 -188
5-8_90.png 20 0 1 187 -188
5-8_180.png 20 0 1 187 -188
5-8_270.png 20 0 1 187 -188
5-8_fl.png 20 0 1 187 -188
5-9.png 20 0 1 186 -187
5-9_90.png 20 0 1 186 -187
5-9_180.png 20 0 1 186 -187
5-9_270.png 20 0 1 186 -187
5-9_fl.png 20 0 1 186 -187
5-10.png 20 0 1 185 -186
5-10_90.png 20 0 1 185 -186
5-10_180.png 20 0 1 185 -186
5-10_270.png 20 0 1 185 -186
5-10_fl.png 20 0 1 185 -186
6-6.png 0 5 -209 51 158
6-6_90.png 0 5 -209 51 158
6-6_180.png 0 5 -209 51 158
6-6_270.png 0 5 -209 51 158
6-6_fl.png 0 5 -209 51 158
6-7.png 0 5 -208 49 159
6-7_90.png 0 5 -208 49 159
6-7_180.png 0 5 -208 49 159
6-7_270.png 0 5 -208 49 159
6-7_fl.png 0 5 -208 49 159
6-8.png 0 5 -208 50 158
6-8_90.png 0 5 -208 50 158
6-8_180.png 0 5 -208 50 158
6-8_270.png 0 5 -208 50 158
6-8_fl.png 0 5 -208 50 158
6-9.png 0 5 -209 50 159
6-9_90.png 0 5 -209 50 159
6-9_180.png 0 5 -209 50 159
6-9_270.png 0 5 -209 50 159
6-9_fl.png 0 5 -209 50 159
6-10.png 0 5 -210 51 159
6-10_90.png 0 5 -210 51 159
6-10_180.png 0 5 -210 51 159
6-10_270.png 0 5 -210 51 159
6-10_fl.png 0 5 -210 51 159
7-6.png 5 5 -144 55 89
7-6_90.png 5 5 -144 55 89
7-6_180.png 5 5 -144 55 89
7-6_270.png 5 5 -144 55 89
7-6_fl.png 5 5 -144 55 89
7-7.png 5 5 -149 60 89
7-7_90.png 5 5 -149 60 89
7-7_180.png 5 5 -149 60 89
7-7_270.png 5 5 -149 60 89
7-7_fl.png 5 5 -149 60 89
7-8.png 5 5 -148 56 92
7-8_90.png 5 5 -148 56 92
7-8_180.png 5 5 -148 56 92
7-8_270.png 5 5 -148 56 92
7-8_fl.png 5 5 -148 56 92
7-9.png 5 5 -148 59 89
7-9_90.png 5 5 -148 59 89
7-9_180.png 5 5 -148 59 89
7-9_270.png 5 5 -148 59 89
7-9_fl.png 5 5 -148 59 89
7-10.png 5 5 -145 58 87
7-10_90.png 5 5 -145 58 87
7-10_180.png 5 5 -145 58 87
7-10_270.png 5 5 -145 58 87
7-10_fl.png 5 5 -145 58 87
8-6.png 10 5 -69 65 4
8-6_90.png 10 5 -69 65 4
8-6_180.png 10 5 -69 65 4
8-6_270.png 10 5 -69 65 4
8-6_fl.png 10 5 -69 65 4
8-7.png 10 5 -71 67 4
8-7_90.png 10 5 -71 67 4
8-7_180.png 10 5 -71 67 4
8-7_270.png 10 5 -71 67 4
8-7_fl.png 10 5 -71 67 4
8-8.png 10 5 -76 69 7
8-8_90.png 10 5 -76 69 7
8-8_180.png 10 5 -76 69 7
8-8_270.png 10 5 -76 69 7
8-8_fl.png 10 5 -76 69 7
8-9.png 10 5 -74 68 6
8-9_90.png 10 5 -74 68 6
8-9_180.png 10 5 -74 68 6
8-9_270.png 10 5 -74 68 6
8-9_fl.png 10 5 -74 68 6
8-10.png 10 5 -77 70 7
8-10_90.png 10 5 -77 70 7
8-10_180.png 10 5 -77 70 7
8-10_270.png 10 5 -77 70 7
8-10_fl.png 10 5 -77 70 7
9-6.png 15 5 -6 84 -78
9-6_90.png 15 5 -6 84 -78
9-6_180.png 15 5 -6 84 -78
9-6_270.png 15 5 -6 84 -78
9-6_fl.png 15 5 -6 84 -78
9-7.png 15 5 4 80 -84
9-7_90.png 15 5 4 80 -84
9-7_180.png 15 5 4 80 -84
9-7_270.png 15 5 4 80 -84
9-7_fl.png 15 5 4 80 -84
9-8.png 15 5 -3 84 -81
9-8_90.png 15 5 -3 84 -81
9-8_180.png 15 5 -3 84 -81
9-8_270.png 15 5 -3 84 -81
9-8_fl.png 15 5 -3 84 -81
9-9.png 15 5 -1 81 -80
9-9_90.png 15 5 -1 81 -80
9-9_180.png 15 5 -1 81 -80
9-9_270.png 15 5 -1 81 -80
9-9_fl.png 15 5 -1 81 -80
9-10.png 15 5 -2 82 -80
9-10_90.png 15 5 -2 82 -80
9-10_180.png 15 5 -2 82 -80
9-10_270.png 15 5 -2 82 -80
9-10_fl.png 15 5 -2 82 -80
10-6.png 20 5 59 87 -146
10-6_90.png 20 5 59 87 -146
10-6_180.png 20 5 59 87 -146
10-6_270.png 20 5 59 87 -146
10-6_fl.png 20 5 59 87 -146
10-7.png 20 5 59 88 -147
10-7_90.png 20 5 59 88 -147
10-7_180.png 20 5 59 88 -147
10-7_270.png 20 5 59 88 -147
10-7_fl.png 20 5 59 88 -147
10-8.png 20 5 65 89 -154
10-8_90.png 20 5 65 89 -154
10-8_180.png 20 5 65 89 -154
10-8_270.png 20 5 65 89 -154
10-8_fl.png 20 5 65 89 -154
10-9.png 20 5 59 87 -146
10-9_90.png 20 5 59 87 -146
10-9_180.png 20 5 59 87 -146
10-9_270.png 20 5 59 87 -146
10-9_fl.png 20 5 59 87 -146
10-10.png 20 5 58 92 -150
10-10_90.png 20 5 58 92 -150
10-10_180.png 20 5 58 92 -150
10-10_270.png 20 5 58 92 -150
10-10_fl.png 20 5 58 92 -150
11-6.png 0 10 -127 3 124
11-6_90.png 0 10 -127 3 124
11-6_180.png 0 10 -127 3 124
11-6_270.png 0 10 -127 3 124
11-6_fl.png 0 10 -127 3 124
11-7.png 0 10 -132 3 129
11-7_90.png 0 10 -132 3 129
11-7_180.png 0 10 -132 3 129
11-7_270.png 0 10 -132 3 129
11-7_fl.png 0 10 -132 3 129
11-8.png 0 10 -129 0 129
11-8_90.png 0 10 -129 0 129
11-8_180.png 0 10 -129 0 129
11-8_270.png 0 10 -129 0 129
11-8_fl.png 0 10 -129 0 129
11-9.png 0 10 -125 -2 127
11-9_90.png 0 10 -125 -2 127
11-9_180.png 0 10 -125 -2 127
11-9_270.png 0 10 -125 -2 127
11-9_fl.png 0 10 -125 -2 127
11-10.png 0 10 -127 3 124
11-10_90.png 0 10 -127 3 124
11-10_180.png 0 10 -127 3 124
11-10_270.png 0 10 -127 3 124
11-10_fl.png 0 10 -127 3 124
12-6.png 5 10 -67 2 65
12-6_90.png 5 10 -67 2 65
12-6_180.png 5 10 -67 2 65
12-6_270.png 5 10 -67 2 65
12-6_fl.png 5 10 -67 2 65
12-7.png 5 10 -64 -3 67
12-7_90.png 5 10 -64 -3 67
12-7_180.png 5 10 -64 -3 67
12-7_270.png 5 10 -64 -3 67
12-7_fl.png 5 10 -64 -3 67
12-8.png 5 10 -68 0 68
12-8_90.png 5 10 -68 0 68
12-8_180.png 5 10 -68 0 68
12-8_270.png 5 10 -68 0 68
12-8_fl.png 5 10 -68 0 68
12-9.png 5 10 -65 -3 68
12-9_90.png 5 10 -65 -3 68
12-9_180.png 5 10 -65 -3 68
12-9_270.png 5 10 -65 -3 68
12-9_fl.png 5 10 -65 -3 68
12-10.png 5 10 -64 0 64
12-10_90.png 5 10 -64 0 64
12-10_180.png 5 10 -64 0 64
12-10_270.png 5 10 -64 0 64
12-10_fl.png 5 10 -64 0 64
13-6.png 10 10 4 -7 3
13-6_90.png 10 10 4 -7 3
13-6_180.png 10 10 4 -7 3
13-6_270.png 10 10 4 -7 3
13-6_fl.png 10 10 4 -7 3
13-7.png 10 10 1 -1 0
13-7_90.png 10 10 1 -1 0
13-7_180.png 10 10 1 -1 0
13-7_270.png 10 10 1 -1 0
13-7_fl.png 10 10 1 -1 0
13-8.png 10 10 -2 0 2
13-8_90.png 10 10 -2 0 2
13-8_180.png 10 10 -2 0 2
13-8_270.png 10 10 -2 0 2
13-8_fl.png 10 10 -2 0 2
13-9.png 10 10 -1 1 0
13-9_90.png 10 10 -1 1 0
13-9_180.png 10 10 -1 1 0
13-9_270.png 10 10 -1 1 0
13-9_fl.png 10 10 -1 1 0
13-10.png 10 10 -2 1 1
13-10_90.png 10 10 -2 1 1
13-10_180.png 10 10 -2 1 1
13-10_270.png 10 10 -2 1 1
13-10_fl.png 10 10 -2 1 1
14-6.png 15 10 66 -2 -64
14-6_90.png 15 10 66 -2 -64
14-6_180.png 15 10 66 -2 -64
14-6_270.png 15 10 66 -2 -64
14-6_fl.png 15 10 66 -2 -64
14-7.png 15 10 68 -2 -66
14-7_90.png 15 10 68 -2 -66
14-7_180.png 15 10 68 -2 -66
14-7_270.png 15 10 68 -2 -66
14-7_fl.png 15 10 68 -2 -66
14-8.png 15 10 67 -4 -63
14-8_90.png 15 10 67 -4 -63
14-8_180.png 15 10 67 -4 -63
14-8_270.png 15 10 67 -4 -63
14-8_fl.png 15 10 67 -4 -63
14-9.png 15 10 69 -4 -65
14-9_90.png 15 10 69 -4 -65
14-9_180.png 15 10 69 -4 -65
14-9_270.png 15 10 69 -4 -65
14-9_fl.png 15 10 69 -4 -65
14-10.png 15 10 67 -3 -64
14-10_90.png 15 10 67 -3 -64
14-10_180.png 15 10 67 -3 -64
14-10_270.png 15 10 67 -3 -64
14-10_fl.png 15 10 67 -3 -64
15-6.png 20 10 130 -13 -117
15-6_90.png 20 10 130 -13 -117
15-6_180.png 20 10 130 -13 -117
15-6_270.png 20 10 130 -13 -117
15-6_fl.png 20 10 130 -13 -117
15-7.png 20 10 126 -9 -117
15-7_90.png 20 10 126 -9 -117
15-7_180.png 20 10 126 -9 -117
15-7_270.png 20 10 126 -9 -117
15-7_fl.png 20 10 126 -9 -117
15-8.png 20 10 127 -10 -117
15-8_90.png 20 10 127 -10 -117
15-8_180.png 20 10 127 -10 -117
15-8_270.png 20 10 127 -10 -117
15-8_fl.png 20 10 127 -10 -117
15-9.png 20 10 126 -11 -115
15-9_90.png 20 10 126 -11 -115
15-9_180.png 20 10 126 -11 -115
15-9_270.png 20 10 126 -11 -115
15-9_fl.png 20 10 126 -11 -115
15-10.png 20 10 127 -9 -118
15-10_90.png 20 10 127 -9 -118
15-10_180.png 20 10 127 -9 -118
15-10_270.png 20 10 127 -9 -118
15-10_fl.png 20 10 127 -9 -118
16-6.png 0 15 -61 -45 106
16-6_90.png 0 15 -61 -45 106
16-6_180.png 0 15 -61 -45 106
16-6_270.png 0 15 -61 -45 106
16-6_fl.png 0 15 -61 -45 106
16-7.png 0 15 -60 -44 104
16-7_90.png 0 15 -60 -44 104
16-7_180.png 0 15 -60 -44 104
16-7_270.png 0 15 -60 -44 104
16-7_fl.png 0 15 -60 -44 104
16-8.png 0 15 -59 -41 100
16-8_90.png 0 15 -59 -41 100
16-8_180.png 0 15 -59 -41 100
16-8_270.png 0 15 -59 -41 100
16-8_fl.png 0 15 -59 -41 100
16-9.png 0 15 -60 -39 99
16-9_90.png 0 15 -60 -39 99
16-9_180.png 0 15 -60 -39 99
16-9_270.png 0 15 -60 -39 99
16-9_fl.png 0 15 -60 -39 99
16-10.png 0 15 -57 -41 98
16-10_90.png 0 15 -57 -41 98
16-10_180.png 0 15 -57 -41 98
16-10_270.png 0 15 -57 -41 98
16-10_fl.png 0 15 -57 -41 98
17-6.png 5 15 -1 -49 50
17-6_90.png 5 15 -1 -49 50
17-6_180.png 5 15 -1 -49 50
17-6_270.png 5 15 -1 -49 50
17-6_fl.png 5 15 -1 -49 50
17-7.png 5 15 3 -50 47
17-7_90.png 5 15 3 -50 47
17-7_180.png 5 15 3 -50 47
17-7_270.png 5 15 3 -50 47
17-7_fl.png 5 15 3 -50 47
17-8.png 5 15 3 -51 48
17-8_90.png 5 15 3 -51 48
17-8_180.png 5 15 3 -51 48
17-8_270.png 5 15 3 -51 48
17-8_fl.png 5 15 3 -51 48
17-9.png 5 15 17 -59 42
17-9_90.png 5 15 17 -59 42
17-9_180.png 5 15 17 -59 42
17-9_270.png 5 15 17 -59 42
17-9_fl.png 5 15 17 -59 42
17-10.png 5 15 0 -50 50
17-10_90.png 5 15 0 -50 50
17-10_180.png 5 15 0 -50 50
17-10_270.png 5 15 0 -50 50
17-10_fl.png 5 15 0 -50 50
18-6.png 10 15 69 -69 0
18-6_90.png 10 15 69 -69 0
18-6_180.png 10 15 69 -69 0
18-6_270.png 10 15 69 -69 0
18-6_fl.png 10 15 69 -69 0
18-7.png 10 15 71 -70 -1
18-7_90.png 10 15 71 -70 -1
18-7_180.png 10 15 71 -70 -1
18-7_270.png 10 15 71 -70 -1
18-7_fl.png 10 15 71 -70 -1
18-8.png 10 15 70 -71 1
18-8_90.png 10 15 70 -71 1
18-8_180.png 10 15 70 -71 1
18-8_270.png 10 15 70 -71 1
18-8_fl.png 10 15 70 -71 1
18-9.png 10 15 67 -69 2
18-9_90.png 10 15 67 -69 2
18-9_180.png 10 15 67 -69 2
18-9_270.png 10 15 67 -69 2
18-9_fl.png 10 15 67 -69 2
18-10.png 10 15 72 -72 0
18-10_90.png 10 15 72 -72 0
18-10_180.png 10 15 72 -72 0
18-10_270.png 10 15 72 -72 0
18-10_fl.png 10 15 72 -72 0
19-6.png 15 15 141 -88 -53
19-6_90.png 15 15 141 -88 -53
19-6_180.png 15 15 141 -88 -53
19-6_270.png 15 15 141 -88 -53
19-6_fl.png 15 15 141 -88 -53
19-7.png 15 15 142 -90 -52
19-7_90.png 15 15 142 -90 -52
19-7_180.png 15 15 142 -90 -52
19-7_270.png 15 15 142 -90 -52
19-7_fl.png 15 15 142 -90 -52
19-8.png 15 15 138 -91 -47
19-8_90.png 15 15 138 -91 -47
19-8_180.png 15 15 138 -91 -47
19-8_270.png 15 15 138 -91 -47
19-8_fl.png 15 15 138 -91 -47
19-9.png 15 15 145 -89 -56
19-9_90.png 15 15 145 -89 -56
19-9_180.png 15 15 145 -89 -56
19-9_270.png 15 15 145 -89 -56
19-9_fl.png 15 15 145 -89 -56
19-10.png 15 15 145 -94 -51
19-10_90.png 15 15 145 -94 -51
19-10_180.png 15 15 145 -94 -51
19-10_270.png 15 15 145 -94 -51
19-10_fl.png 15 15 145 -94 -51
20-6.png 20 15 203 -110 -93
20-6_90.png 20 15 203 -110 -93
20-6_180.png 20 15 203 -110 -93
20-6_270.png 20 15 203 -110 -93
20-6_fl.png 20 15 203 -110 -93
20-7.png 20 15 201 -110 -91
20-7_90.png 20 15 201 -110 -91
20-7_180.png 20 15 201 -110 -91
20-7_270.png 20 15 201 -110 -91
20-7_fl.png 20 15 201 -110 -91
20-8.png 20 15 206 -114 -92
20-8_90.png 20 15 206 -114 -92
20-8_180.png 20 15 206 -114 -92
20-8_270.png 20 15 206 -114 -92
20-8_fl.png 20 15 206 -114 -92
20-9.png 20 15 206 -112 -94
20-9_90.png 20 15 206 -112 -94
20-9_180.png 20 15 206 -112 -94
20-9_270.png 20 15 206 -112 -94
20-9_fl.png 20 15 206 -112 -94
20-10.png 20 15 206 -114 -92
20-10_90.png 20 15 206 -114 -92
20-10_180.png 20 15 206 -114 -92
20-10_270.png 20 15 206 -114 -92
20-10_fl.png 20 15 206 -114 -92
21-6.png 0 20 -4 -84 88
21-6_90.png 0 20 -4 -84 88
21-6_180.png 0 20 -4 -84 88
21-6_270.png 0 20 -4 -84 88
21-6_fl.png 0 20 -4 -84 88
21-7.png 0 20 -8 -79 87
21-7_90.png 0 20 -8 -79 87
21-7_180.png 0 20 -8 -79 87
21-7_270.png 0 20 -8 -79 87
21-7_fl.png 0 20 -8 -79 87
21-8.png 0 20 -7 -82 89
21-8_90.png 0 20 -7 -82 89
21-8_180.png 0 20 -7 -82 89
21-8_270.png 0 20 -7 -82 89
21-8_fl.png 0 20 -7 -82 89
21-9.png 0 20 -6 -83 89
21-9_90.png 0 20 -6 -83 89
21-9_180.png 0 20 -6 -83 89
21-9_270.png 0 20 -6 -83 89
21-9_fl.png 0 20 -6 -83 89
21-10.png 0 20 -8 -82 90
21-10_90.png 0 20 -8 -82 90
21-10_180.png 0 20 -8 -82 90
21-10_270.png 0 20 -8 -82 90
21-10_fl.png 0 20 -8 -82 90
22-6.png 5 20 56 -103 47
22-6_90.png 5 20 56 -103 47
22-6_180.png 5 20 56 -103 47
22-6_270.png 5 20 56 -103 47
22-6_fl.png 5 20 56 -103 47
22-7.png 5 20 56 -105 49
22-7_90.png 5 20 56 -105 49
22-7_180.png 5 20 56 -105 49
22-7_270.png 5 20 56 -105 49
22-7_fl.png 5 20 56 -105 49
22-8.png 5 20 52 -99 47
22-8_90.png 5 20 52 -99 47
22-8_180.png 5 20 52 -99 47
22-8_270.png 5 20 52 -99 47
22-8_fl.png 5 20 52 -99 47
22-9.png 5 20 58 -106 48
22-9_90.png 5 20 58 -106 48
22-9_180.png 5 20 58 -106 48
22-9_270.png 5 20 58 -106 48
22-9_fl.png 5 20 58 -106 48
22-10.png 5 20 59 -102 43
22-10_90.png 5 20 59 -102 43
22-10_180.png 5 20 59 -102 43
22-10_270.png 5 20 59 -102 43
22-10_fl.png 5 20 59 -102 43
23-6.png 10 20 126 -131 5
23-6_90.png 10 20 126 -131 5
23-6_180.png 10 20 126 -131 5
23-6_270.png 10 20 126 -131 5
23-6_fl.png 10 20 126 -131 5
23-7.png 10 20 126 -133 7
23-7_90.png 10 20 126 -133 7
23-7_180.png 10 20 126 -133 7
23-7_270.png 10 20 126 -133 7
23-7_fl.png 10 20 126 -133 7
23-8.png 10 20 122 -121 -1
23-8_90.png 10 20 122 -121 -1
23-8_180.png 10 20 122 -121 -1
23-8_270.png 10 20 122 -121 -1
23-8_fl.png 10 20 122 -121 -1
23-9.png 10 20 127 -133 6
23-9_90.png 10 20 127 -133 6
23-9_180.png 10 20 127 -133 6
23-9_270.png 10 20 127 -133 6
23-9_fl.png 10 20 127 -133 6
23-10.png 10 20 126 -129 3
23-10_90.png 10 20 126 -129 3
23-10_180.png 10 20 126 -129 3
23-10_270.png 10 20 126 -129 3
23-10_fl.png 10 20 126 -129 3
24-6.png 15 20 203 -162 -41
24-6_90.png 15 20 203 -162 -41
24-6_180.png 15 20 203 -162 -41
24-6_270.png 15 20 203 -162 -41
24-6_fl.png 15 20 203 -162 -41
24-7.png 15 20 238 -168 -70
24-7_90.png 15 20 238 -168 -70
24-7_180.png 15 20 238 -168 -70
24-7_270.png 15 20 238 -168 -70
24-7_fl.png 15 20 238 -168 -70
24-8.png 15 20 200 -160 -40
24-8_90.png 15 20 200 -160 -40
24-8_180.png 15 20 200 -160 -40
24-8_270.png 15 20 200 -160 -40
24-8_fl.png 15 20 200 -160 -40
24-9.png 15 20 202 -162 -40
24-9_90.png 15 20 202 -162 -40
24-9_180.png 15 20 202 -162 -40
24-9_270.png 15 20 202 -162 -40
24-9_fl.png 15 20 202 -162 -40
24-10.png 15 20 200 -159 -41
24-10_90.png 15 20 200 -159 -41
24-10_180.png 15 20 200 -159 -41
24-10_270.png 15 20 200 -159 -41
24-10_fl.png 15 20 200 -159 -41
25-6.png 20 20 281 -199 -82
25-6_90.png 20 20 281 -199 -82
25-6_180.png 20 20 281 -199 -82
25-6_270.png 20 20 281 -199 -82
25-6_fl.png 20 20 281 -199 -82
25-7.png 20 20 279 -198 -81
25-7_90.png 20 20 279 -198 -81
25-7_180.png 20 20 279 -198 -81
25-7_270.png 20 20 279 -198 -81
25-7_fl.png 20 20 279 -198 -81
25-8.png 20 20 281 -200 -81
25-8_90.png 20 20 281 -200 -81
25-8_180.png 20 20 281 -200 -81
25-8_270.png 20 20 281 -200 -81
25-8_fl.png 20 20 281 -200 -81
25-9.png 20 20 280 -199 -81
25-9_90.png 20 20 280 -199 -81
25-9_180.png 20 20 280 -199 -81
25-9_270.png 20 20 280 -199 -81
25-9_fl.png 20 20 280 -199 -81
25-10.png 20 20 276 -195 -81
25-10_90.png 20 20 276 -195 -81
25-10_180.png 20 20 276 -195 -81
25-10_270.png 20 20 276 -195 -81
25-10_fl.png 20 20 276 -195 -81
